out/wt_A192S.out SCORE:  -1393.444  -3502.441    267.133   1854.209           5.112   -237.372        0.932       -129.111        -68.288        -50.157     -69.620       -1.171    -28.549     33.390    619.616    -73.806            1.026    -14.347 repacked_wt_round_1
out/wt_C167A.out SCORE:  -1393.159  -3502.419    267.399   1853.890           5.118   -237.198        0.940       -129.198        -68.439        -49.847     -69.579       -1.171    -28.576     33.408    619.654    -73.749            0.956    -14.347 repacked_wt_round_1
out/wt_C167Q.out SCORE:  -1393.348  -3502.367    267.348   1853.859           5.117   -237.393        0.936       -129.208        -68.434        -49.840     -69.580       -1.172    -28.569     33.420    619.674    -73.753            0.963    -14.347 repacked_wt_round_1
out/wt_D403A.out SCORE:  -1393.364  -3501.851    268.215   1853.183           5.123   -238.024        0.944       -129.235        -68.622        -49.745     -69.557       -1.172    -28.550     33.529    619.508    -73.538            0.776    -14.347 repacked_wt_round_1
out/wt_E154D.out SCORE:  -1394.420  -3503.665    267.675   1854.589           5.118   -239.181        0.934       -129.254        -68.361        -49.995     -69.597       -1.171    -28.655     33.308    620.504    -73.749            1.427    -14.347 repacked_wt_round_1
out/wt_E164A.out SCORE:  -1394.904  -3501.949    268.470   1853.510           5.092   -238.910        0.912       -129.863        -68.240        -49.548     -70.450       -1.171    -28.483     33.801    619.343    -74.129            1.058    -14.347 repacked_wt_round_1
out/wt_E164G.out SCORE:  -1396.427  -3501.745    268.129   1853.394           5.095   -238.950        0.913       -129.173        -68.212        -49.547     -71.382       -1.173    -28.377     33.498    618.250    -73.860            1.059    -14.347 repacked_wt_round_1
out/wt_E164R.out SCORE:  -1396.434  -3501.734    268.149   1853.385           5.095   -238.946        0.911       -129.178        -68.211        -49.545     -71.385       -1.172    -28.380     33.487    618.238    -73.859            1.057    -14.347 repacked_wt_round_1
out/wt_E177A.out SCORE:  -1393.531  -3502.692    267.090   1854.020           5.118   -238.010        0.935       -129.219        -68.285        -49.844     -69.613       -1.171    -28.614     33.381    620.337    -73.696            1.080    -14.347 repacked_wt_round_1
out/wt_E177K.out SCORE:  -1393.531  -3502.692    267.090   1854.020           5.118   -238.010        0.935       -129.219        -68.285        -49.844     -69.613       -1.171    -28.614     33.381    620.337    -73.696            1.080    -14.347 repacked_wt_round_1
out/wt_E177L.out SCORE:  -1393.531  -3502.692    267.090   1854.020           5.118   -238.010        0.935       -129.219        -68.285        -49.844     -69.613       -1.171    -28.614     33.381    620.337    -73.696            1.080    -14.347 repacked_wt_round_1
out/wt_E222A.out SCORE:  -1390.821  -3500.794    267.812   1850.713           5.120   -233.805        0.940       -129.202        -68.404        -50.358     -68.236       -1.172    -28.540     33.054    619.194    -73.549            0.752    -14.347 repacked_wt_round_1
out/wt_E222H.out SCORE:  -1390.821  -3500.794    267.812   1850.713           5.120   -233.805        0.940       -129.202        -68.404        -50.358     -68.236       -1.172    -28.540     33.054    619.194    -73.549            0.752    -14.347 repacked_wt_round_1
out/wt_E222K.out SCORE:  -1391.431  -3500.289    268.825   1850.492           5.122   -234.980        0.929       -129.363        -68.694        -50.376     -68.818       -1.172    -28.448     33.553    618.666    -73.319            0.789    -14.347 repacked_wt_round_1
out/wt_E222Q.out SCORE:  -1391.940  -3500.950    267.783   1850.946           5.120   -234.773        0.935       -129.237        -68.437        -50.411     -68.758       -1.173    -28.531     33.411    619.212    -73.482            0.752    -14.347 repacked_wt_round_1
out/wt_E222R.out SCORE:  -1390.821  -3500.794    267.812   1850.713           5.120   -233.805        0.940       -129.202        -68.404        -50.358     -68.236       -1.172    -28.540     33.054    619.194    -73.549            0.752    -14.347 repacked_wt_round_1
out/wt_E222Y.out SCORE:  -1390.821  -3500.794    267.812   1850.713           5.120   -233.805        0.940       -129.202        -68.404        -50.358     -68.236       -1.172    -28.540     33.054    619.194    -73.549            0.752    -14.347 repacked_wt_round_1
out/wt_E353A.out SCORE:  -1395.606  -3501.372    268.937   1852.920           5.097   -238.699        0.909       -129.115        -68.292        -49.568     -70.957       -1.173    -28.520     33.434    618.050    -73.781            0.870    -14.347 repacked_wt_round_1
out/wt_E406A.out SCORE:  -1394.642  -3503.247    267.043   1854.192           5.119   -238.605        0.944       -129.212        -68.359        -49.871     -69.186       -1.171    -28.617     33.345    620.219    -73.741            0.851    -14.347 repacked_wt_round_1
out/wt_E406D.out SCORE:  -1394.686  -3503.041    267.108   1854.164           5.119   -238.739        0.937       -129.197        -68.343        -49.832     -69.604       -1.172    -28.594     33.348    620.167    -73.726            1.065    -14.347 repacked_wt_round_1
out/wt_E423S.out SCORE:  -1394.348  -3503.116    267.086   1854.233           5.118   -238.409        0.930       -129.153        -68.358        -49.846     -69.576       -1.171    -28.594     33.388    620.196    -73.709            0.981    -14.347 repacked_wt_round_1
out/wt_F415A.out SCORE:  -1393.366  -3500.186    265.658   1851.819           5.117   -238.815        0.933       -129.221        -67.715        -49.623     -68.494       -1.172    -28.387     33.120    620.890    -73.999            1.056    -14.347 repacked_wt_round_1
out/wt_F415N.out SCORE:  -1394.665  -3503.169    267.188   1854.249           5.118   -238.790        0.936       -129.214        -68.354        -49.839     -69.581       -1.171    -28.603     33.339    620.206    -73.709            1.075    -14.347 repacked_wt_round_1
out/wt_F72H.out SCORE:  -1397.752  -3503.267    268.847   1854.115           5.115   -238.061        0.923       -129.313        -68.601        -49.281     -69.288       -1.171    -28.656     33.813    613.500    -73.429            1.349    -14.347 repacked_wt_round_1
out/wt_G355A.out SCORE:  -1396.405  -3501.747    268.133   1853.386           5.093   -238.943        0.910       -129.181        -68.217        -49.520     -71.329       -1.173    -28.380     33.483    618.221    -73.854            1.062    -14.347 repacked_wt_round_1
out/wt_H101R.out SCORE:  -1394.745  -3502.918    267.125   1854.133           5.119   -238.475        0.932       -129.235        -68.306        -49.844     -69.445       -1.170    -28.601     33.345    619.591    -73.711            1.062    -14.347 repacked_wt_round_1
out/wt_H119A.out SCORE:  -1392.934  -3501.438    268.332   1853.828           5.092   -235.669        0.917       -129.156        -68.125        -49.080     -72.300       -1.173    -28.500     33.738    617.797    -73.919            1.066    -14.347 repacked_wt_round_1
out/wt_H119E.out SCORE:  -1392.934  -3501.438    268.332   1853.828           5.092   -235.669        0.917       -129.156        -68.125        -49.080     -72.300       -1.173    -28.500     33.738    617.797    -73.919            1.066    -14.347 repacked_wt_round_1
out/wt_H119N.out SCORE:  -1392.934  -3501.438    268.332   1853.828           5.092   -235.669        0.917       -129.156        -68.125        -49.080     -72.300       -1.173    -28.500     33.738    617.797    -73.919            1.066    -14.347 repacked_wt_round_1
out/wt_H178A.out SCORE:  -1395.204  -3501.319    268.341   1853.002           5.097   -238.422        0.911       -129.166        -68.256        -49.527     -71.388       -1.173    -28.371     33.598    618.658    -73.886            1.044    -14.347 repacked_wt_round_1
out/wt_H178R.out SCORE:  -1392.798  -3500.039    270.393   1852.305           5.092   -237.799        0.897       -129.153        -68.603        -49.483     -70.657       -1.176    -27.998     33.480    617.283    -73.800            0.806    -14.347 repacked_wt_round_1
out/wt_H315E.out SCORE:  -1393.883  -3504.596    267.728   1855.376           5.116   -238.918        0.954       -129.266        -68.374        -49.577     -69.917       -1.170    -28.633     33.434    620.702    -73.822            1.427    -14.347 repacked_wt_round_1
out/wt_H315N.out SCORE:  -1393.883  -3504.596    267.728   1855.376           5.116   -238.918        0.954       -129.266        -68.374        -49.577     -69.917       -1.170    -28.633     33.434    620.702    -73.822            1.427    -14.347 repacked_wt_round_1
out/wt_H373R.out SCORE:  -1394.610  -3503.271    267.099   1854.230           5.119   -238.626        0.929       -129.189        -68.345        -49.860     -69.203       -1.172    -28.633     33.299    620.230    -73.716            0.845    -14.347 repacked_wt_round_1
out/wt_H379R.out SCORE:  -1394.683  -3503.190    267.229   1854.230           5.119   -238.854        0.937       -129.233        -68.398        -49.858     -69.613       -1.171    -28.608     33.382    620.324    -73.694            1.063    -14.347 repacked_wt_round_1
out/wt_H379T.out SCORE:  -1394.683  -3503.190    267.229   1854.230           5.119   -238.854        0.937       -129.233        -68.398        -49.858     -69.613       -1.171    -28.608     33.382    620.324    -73.694            1.063    -14.347 repacked_wt_round_1
out/wt_I244E.out SCORE:  -1391.699  -3500.301    266.532   1851.084           5.105   -235.135        0.923       -129.283        -68.455        -49.728     -66.908       -1.174    -28.745     33.292    618.086    -73.626            0.980    -14.347 repacked_wt_round_1
out/wt_I244N.out SCORE:  -1391.699  -3500.301    266.532   1851.084           5.105   -235.135        0.923       -129.283        -68.455        -49.728     -66.908       -1.174    -28.745     33.292    618.086    -73.626            0.980    -14.347 repacked_wt_round_1
out/wt_I300N.out SCORE:  -1400.593  -3504.076    265.825   1854.906           5.103   -239.114        0.937       -129.894        -68.494        -49.830     -69.911       -1.171    -28.777     34.019    617.338    -74.149            1.043    -14.347 repacked_wt_round_1
out/wt_I91E.out SCORE:  -1394.231  -3503.381    267.494   1854.588           5.117   -238.781        0.932       -129.212        -68.390        -49.808     -69.584       -1.172    -28.614     33.405    620.122    -73.662            1.061    -14.347 repacked_wt_round_1
out/wt_K341A.out SCORE:  -1393.569  -3502.586    267.636   1852.941           5.117   -236.925        0.936       -129.251        -68.370        -49.988     -69.182       -1.171    -28.714     33.539    619.234    -73.865            1.428    -14.347 repacked_wt_round_1
out/wt_L171A.out SCORE:  -1393.283  -3500.847    267.705   1852.859           5.090   -236.260        0.907       -129.214        -68.190        -49.561     -70.631       -1.172    -28.359     33.757    617.678    -73.743            1.044    -14.347 repacked_wt_round_1
out/wt_L171R.out SCORE:  -1393.283  -3500.847    267.705   1852.859           5.090   -236.260        0.907       -129.214        -68.190        -49.561     -70.631       -1.172    -28.359     33.757    617.678    -73.743            1.044    -14.347 repacked_wt_round_1
out/wt_L362M.out SCORE:  -1394.505  -3503.202    267.345   1853.957           5.120   -238.530        0.935       -129.228        -68.381        -49.814     -69.638       -1.172    -28.627     33.324    620.380    -73.691            1.064    -14.347 repacked_wt_round_1
out/wt_M221A.out SCORE:  -1389.486  -3501.149    269.136   1851.186           5.123   -234.730        0.939       -129.839        -68.536        -49.539     -68.398       -1.171    -28.752     33.378    620.282    -73.830            0.761    -14.347 repacked_wt_round_1
out/wt_M261D.out SCORE:  -1393.408  -3503.632    267.428   1855.161           5.108   -238.150        0.925       -129.181        -68.201        -49.816     -69.516       -1.172    -28.535     33.104    620.320    -73.937            1.033    -14.347 repacked_wt_round_1
out/wt_M323A.out SCORE:  -1393.073  -3501.291    269.357   1852.985           5.118   -239.101        0.942       -129.156        -68.880        -49.767     -69.407       -1.172    -28.401     33.319    619.516    -73.536            0.747    -14.347 repacked_wt_round_1
out/wt_M323K.out SCORE:  -1393.073  -3501.291    269.357   1852.985           5.118   -239.101        0.942       -129.156        -68.880        -49.767     -69.407       -1.172    -28.401     33.319    619.516    -73.536            0.747    -14.347 repacked_wt_round_1
out/wt_M358T.out SCORE:  -1395.023  -3504.146    267.069   1853.781           5.116   -238.549        0.930       -129.198        -68.499        -49.862     -69.508       -1.172    -28.891     33.301    621.544    -73.666            1.072    -14.347 repacked_wt_round_1
out/wt_N163A.out SCORE:  -1395.197  -3501.056    267.940   1853.001           5.093   -238.364        0.920       -129.133        -68.223        -49.315     -71.615       -1.173    -28.411     33.654    618.640    -73.877            1.067    -14.347 repacked_wt_round_1
out/wt_N163C.out SCORE:  -1395.197  -3501.056    267.940   1853.001           5.093   -238.364        0.920       -129.133        -68.223        -49.315     -71.615       -1.173    -28.411     33.654    618.640    -73.877            1.067    -14.347 repacked_wt_round_1
out/wt_N163D.out SCORE:  -1395.197  -3501.056    267.940   1853.001           5.093   -238.364        0.920       -129.133        -68.223        -49.315     -71.615       -1.173    -28.411     33.654    618.640    -73.877            1.067    -14.347 repacked_wt_round_1
out/wt_N220A.out SCORE:  -1391.451  -3501.733    268.873   1852.025           5.127   -236.511        0.938       -129.154        -68.548        -49.548     -69.244       -1.172    -28.640     33.207    620.124    -73.595            0.746    -14.347 repacked_wt_round_1
out/wt_N220G.out SCORE:  -1391.451  -3501.733    268.873   1852.025           5.127   -236.511        0.938       -129.154        -68.548        -49.548     -69.244       -1.172    -28.640     33.207    620.124    -73.595            0.746    -14.347 repacked_wt_round_1
out/wt_N220H.out SCORE:  -1391.451  -3501.733    268.873   1852.025           5.127   -236.511        0.938       -129.154        -68.548        -49.548     -69.244       -1.172    -28.640     33.207    620.124    -73.595            0.746    -14.347 repacked_wt_round_1
out/wt_N220R.out SCORE:  -1391.451  -3501.733    268.873   1852.025           5.127   -236.511        0.938       -129.154        -68.548        -49.548     -69.244       -1.172    -28.640     33.207    620.124    -73.595            0.746    -14.347 repacked_wt_round_1
out/wt_N220Y.out SCORE:  -1391.451  -3501.733    268.873   1852.025           5.127   -236.511        0.938       -129.154        -68.548        -49.548     -69.244       -1.172    -28.640     33.207    620.124    -73.595            0.746    -14.347 repacked_wt_round_1
out/wt_N293A.out SCORE:  -1397.749  -3504.002    269.764   1855.721           5.103   -240.506        0.910       -129.158        -68.881        -49.639     -73.723       -1.171    -28.563     33.912    619.703    -73.694            0.822    -14.347 repacked_wt_round_1
out/wt_N293C.out SCORE:  -1397.749  -3504.002    269.764   1855.721           5.103   -240.506        0.910       -129.158        -68.881        -49.639     -73.723       -1.171    -28.563     33.912    619.703    -73.694            0.822    -14.347 repacked_wt_round_1
out/wt_N293D.out SCORE:  -1397.703  -3503.996    269.273   1855.702           5.102   -240.067        0.909       -129.073        -68.859        -49.611     -73.121       -1.170    -28.566     33.693    619.357    -73.758            0.829    -14.347 repacked_wt_round_1
out/wt_N293Q.out SCORE:  -1397.749  -3504.002    269.764   1855.721           5.103   -240.506        0.910       -129.158        -68.881        -49.639     -73.723       -1.171    -28.563     33.912    619.703    -73.694            0.822    -14.347 repacked_wt_round_1
out/wt_N354A.out SCORE:  -1396.248  -3501.713    268.100   1853.375           5.097   -238.957        0.910       -129.167        -68.176        -49.515     -71.327       -1.172    -28.387     33.488    618.286    -73.808            1.066    -14.347 repacked_wt_round_1
out/wt_N404A.out SCORE:  -1394.482  -3503.253    267.067   1854.212           5.119   -238.453        0.936       -129.208        -68.349        -49.889     -69.186       -1.172    -28.631     33.318    620.211    -73.718            0.860    -14.347 repacked_wt_round_1
out/wt_N404C.out SCORE:  -1394.261  -3503.672    267.478   1854.542           5.118   -238.839        0.932       -129.220        -68.336        -50.007     -69.185       -1.172    -28.674     33.256    620.405    -73.774            1.234    -14.347 repacked_wt_round_1
out/wt_P329N.out SCORE:  -1392.338  -3501.053    267.058   1850.984           5.118   -235.919        0.941       -129.228        -68.412        -49.794     -67.789       -1.173    -28.572     33.338    619.112    -73.646            1.044    -14.347 repacked_wt_round_1
out/wt_Q19A.out SCORE:  -1391.946  -3502.687    269.378   1854.691           5.118   -237.089        0.950       -129.239        -68.660        -49.755     -70.533       -1.167    -28.682     33.513    618.981    -73.594            1.178    -14.347 repacked_wt_round_1
out/wt_Q19C.out SCORE:  -1392.766  -3503.643    267.538   1855.122           5.116   -236.736        0.930       -129.229        -68.292        -49.405     -70.799       -1.171    -28.725     33.482    619.763    -73.804            1.435    -14.347 repacked_wt_round_1
out/wt_Q19S.out SCORE:  -1391.946  -3502.687    269.378   1854.691           5.118   -237.089        0.950       -129.239        -68.660        -49.755     -70.533       -1.167    -28.682     33.513    618.981    -73.594            1.178    -14.347 repacked_wt_round_1
out/wt_Q313R.out SCORE:  -1399.743  -3503.799    265.808   1854.534           5.103   -238.768        0.943       -129.187        -68.507        -49.819     -69.868       -1.173    -28.617     34.084    616.748    -73.983            1.107    -14.347 repacked_wt_round_1
out/wt_R240A.out SCORE:  -1399.923  -3503.687    265.579   1854.525           5.104   -238.710        0.934       -129.224        -68.432        -49.837     -69.828       -1.172    -28.708     33.897    616.841    -73.929            1.070    -14.347 repacked_wt_round_1
out/wt_R240D.out SCORE:  -1399.923  -3503.687    265.579   1854.525           5.104   -238.710        0.934       -129.224        -68.432        -49.837     -69.828       -1.172    -28.708     33.897    616.841    -73.929            1.070    -14.347 repacked_wt_round_1
out/wt_R240E.out SCORE:  -1399.923  -3503.687    265.579   1854.525           5.104   -238.710        0.934       -129.224        -68.432        -49.837     -69.828       -1.172    -28.708     33.897    616.841    -73.929            1.070    -14.347 repacked_wt_round_1
out/wt_R240K.out SCORE:  -1399.923  -3503.687    265.579   1854.525           5.104   -238.710        0.934       -129.224        -68.432        -49.837     -69.828       -1.172    -28.708     33.897    616.841    -73.929            1.070    -14.347 repacked_wt_round_1
out/wt_R76A.out SCORE:  -1394.482  -3503.260    267.115   1854.211           5.123   -238.678        0.931       -129.194        -68.327        -49.859     -69.180       -1.172    -28.634     33.319    620.274    -73.659            0.855    -14.347 repacked_wt_round_1
out/wt_S14A.out SCORE:  -1398.728  -3504.422    267.266   1856.142           5.101   -239.893        0.903       -129.192        -68.766        -49.880     -71.901       -1.174    -28.565     34.168    618.629    -73.721            0.925    -14.347 repacked_wt_round_1
out/wt_S16A.out SCORE:  -1393.644  -3501.766    268.600   1854.182           5.091   -236.085        0.919       -129.818        -68.165        -49.090     -72.356       -1.175    -28.571     33.844    618.220    -74.190            1.062    -14.347 repacked_wt_round_1
out/wt_S16N.out SCORE:  -1393.644  -3501.766    268.600   1854.182           5.091   -236.085        0.919       -129.818        -68.165        -49.090     -72.356       -1.175    -28.571     33.844    618.220    -74.190            1.062    -14.347 repacked_wt_round_1
out/wt_S17A.out SCORE:  -1393.177  -3502.783    268.228   1854.706           5.114   -235.962        0.930       -129.057        -68.161        -49.417     -71.394       -1.170    -28.577     33.487    618.636    -74.222            0.812    -14.347 repacked_wt_round_1
out/wt_S17E.out SCORE:  -1393.177  -3502.783    268.228   1854.706           5.114   -235.962        0.930       -129.057        -68.161        -49.417     -71.394       -1.170    -28.577     33.487    618.636    -74.222            0.812    -14.347 repacked_wt_round_1
out/wt_S298E.out SCORE:  -1395.589  -3500.128    265.550   1849.664           5.102   -232.942        0.923       -129.315        -68.481        -50.203     -67.111       -1.173    -28.579     33.414    615.014    -73.737            0.761    -14.347 repacked_wt_round_1
out/wt_S331A.out SCORE:  -1388.998  -3499.289    268.122   1848.310           5.120   -232.241        0.939       -129.900        -68.471        -50.260     -66.484       -1.172    -28.574     33.158    619.120    -73.795            0.767    -14.347 repacked_wt_round_1
out/wt_S400A.out SCORE:  -1394.682  -3503.108    267.101   1854.201           5.118   -238.777        0.934       -129.204        -68.301        -49.829     -69.564       -1.171    -28.616     33.321    620.219    -73.709            1.049    -14.347 repacked_wt_round_1
out/wt_T15A.out SCORE:  -1394.717  -3503.152    267.165   1854.212           5.118   -238.765        0.932       -129.227        -68.308        -49.830     -69.584       -1.171    -28.612     33.321    620.190    -73.712            1.054    -14.347 repacked_wt_round_1
out/wt_T175R.out SCORE:  -1393.440  -3503.258    267.672   1854.230           5.119   -238.622        0.938       -129.248        -68.362        -50.000     -69.606       -1.172    -28.647     33.347    620.853    -73.780            1.441    -14.347 repacked_wt_round_1
out/wt_T218A.out SCORE:  -1395.051  -3502.373    266.800   1853.215           5.100   -237.676        0.911       -129.135        -68.870        -49.605     -69.306       -1.173    -28.745     33.775    619.179    -73.680            0.878    -14.347 repacked_wt_round_1
out/wt_T296A.out SCORE:  -1386.978  -3501.771    267.807   1851.517           5.108   -232.209        0.931       -129.833        -68.279        -49.702     -66.028       -1.170    -28.696     33.204    619.593    -73.867            0.764    -14.347 repacked_wt_round_1
out/wt_T352A.out SCORE:  -1395.649  -3501.373    269.009   1852.920           5.099   -238.831        0.910       -129.144        -68.358        -49.568     -70.985       -1.174    -28.488     33.526    618.065    -73.787            0.878    -14.347 repacked_wt_round_1
out/wt_V52G.out SCORE:  -1393.828  -3503.091    268.395   1854.427           5.120   -239.246        0.918       -129.294        -68.510        -50.256     -69.573       -1.173    -28.553     33.473    620.207    -73.665            1.338    -14.347 repacked_wt_round_1
out/wt_W120A.out SCORE:  -1395.286  -3501.561    268.467   1853.426           5.095   -238.707        0.925       -129.832        -68.127        -49.499     -70.659       -1.170    -28.453     33.344    618.958    -74.195            1.049    -14.347 repacked_wt_round_1
out/wt_W120F.out SCORE:  -1396.592  -3501.666    268.224   1853.406           5.098   -238.717        0.908       -129.150        -68.034        -49.502     -71.234       -1.171    -28.314     33.367    617.518    -74.028            1.048    -14.347 repacked_wt_round_1
out/wt_W120H.out SCORE:  -1396.592  -3501.666    268.224   1853.406           5.098   -238.717        0.908       -129.150        -68.034        -49.502     -71.234       -1.171    -28.314     33.367    617.518    -74.028            1.048    -14.347 repacked_wt_round_1
out/wt_W325A.out SCORE:  -1391.522  -3502.876    267.951   1853.804           5.124   -237.718        0.937       -129.185        -68.357        -49.998     -69.287       -1.169    -28.488     32.839    621.917    -73.823            1.155    -14.347 repacked_wt_round_1
out/wt_W325C.out SCORE:  -1391.522  -3502.876    267.951   1853.804           5.124   -237.718        0.937       -129.185        -68.357        -49.998     -69.287       -1.169    -28.488     32.839    621.917    -73.823            1.155    -14.347 repacked_wt_round_1
out/wt_W325G.out SCORE:  -1391.522  -3502.876    267.951   1853.804           5.124   -237.718        0.937       -129.185        -68.357        -49.998     -69.287       -1.169    -28.488     32.839    621.917    -73.823            1.155    -14.347 repacked_wt_round_1
out/wt_W325H.out SCORE:  -1391.522  -3502.876    267.951   1853.804           5.124   -237.718        0.937       -129.185        -68.357        -49.998     -69.287       -1.169    -28.488     32.839    621.917    -73.823            1.155    -14.347 repacked_wt_round_1
out/wt_W325L.out SCORE:  -1391.522  -3502.876    267.951   1853.804           5.124   -237.718        0.937       -129.185        -68.357        -49.998     -69.287       -1.169    -28.488     32.839    621.917    -73.823            1.155    -14.347 repacked_wt_round_1
out/wt_W325R.out SCORE:  -1391.522  -3502.876    267.951   1853.804           5.124   -237.718        0.937       -129.185        -68.357        -49.998     -69.287       -1.169    -28.488     32.839    621.917    -73.823            1.155    -14.347 repacked_wt_round_1
out/wt_W34A.out SCORE:  -1394.517  -3503.170    267.511   1854.397           5.126   -238.672        0.940       -129.193        -68.385        -50.176     -69.475       -1.170    -28.566     33.330    619.944    -73.692            1.080    -14.347 repacked_wt_round_1
out/wt_W399A.out SCORE:  -1392.812  -3501.005    269.130   1852.712           5.124   -239.081        0.923       -129.060        -68.733        -49.466     -69.649       -1.163    -28.413     33.420    619.508    -73.632            0.919    -14.347 repacked_wt_round_1
out/wt_W399C.out SCORE:  -1392.812  -3501.005    269.130   1852.712           5.124   -239.081        0.923       -129.060        -68.733        -49.466     -69.649       -1.163    -28.413     33.420    619.508    -73.632            0.919    -14.347 repacked_wt_round_1
out/wt_W399G.out SCORE:  -1392.812  -3501.005    269.130   1852.712           5.124   -239.081        0.923       -129.060        -68.733        -49.466     -69.649       -1.163    -28.413     33.420    619.508    -73.632            0.919    -14.347 repacked_wt_round_1
out/wt_W399R.out SCORE:  -1392.812  -3501.005    269.130   1852.712           5.124   -239.081        0.923       -129.060        -68.733        -49.466     -69.649       -1.163    -28.413     33.420    619.508    -73.632            0.919    -14.347 repacked_wt_round_1
out/wt_W399S.out SCORE:  -1392.812  -3501.005    269.130   1852.712           5.124   -239.081        0.923       -129.060        -68.733        -49.466     -69.649       -1.163    -28.413     33.420    619.508    -73.632            0.919    -14.347 repacked_wt_round_1
out/wt_W407A.out SCORE:  -1394.604  -3503.175    267.271   1854.293           5.121   -238.818        0.932       -129.200        -68.326        -49.850     -69.589       -1.171    -28.561     33.274    620.152    -73.682            1.073    -14.347 repacked_wt_round_1
out/wt_W407G.out SCORE:  -1394.604  -3503.175    267.271   1854.293           5.121   -238.818        0.932       -129.200        -68.326        -49.850     -69.589       -1.171    -28.561     33.274    620.152    -73.682            1.073    -14.347 repacked_wt_round_1
out/wt_W407Q.out SCORE:  -1394.604  -3503.175    267.271   1854.293           5.121   -238.818        0.932       -129.200        -68.326        -49.850     -69.589       -1.171    -28.561     33.274    620.152    -73.682            1.073    -14.347 repacked_wt_round_1
out/wt_W407R.out SCORE:  -1394.604  -3503.175    267.271   1854.293           5.121   -238.818        0.932       -129.200        -68.326        -49.850     -69.589       -1.171    -28.561     33.274    620.152    -73.682            1.073    -14.347 repacked_wt_round_1
out/wt_W409Y.out SCORE:  -1394.412  -3503.618    267.635   1854.548           5.118   -239.155        0.936       -129.248        -68.368        -49.997     -69.606       -1.171    -28.656     33.324    620.507    -73.748            1.432    -14.347 repacked_wt_round_1
out/wt_Y166P.out SCORE:  -1393.016  -3502.208    267.154   1853.945           5.112   -237.113        0.941       -129.172        -68.500        -49.872     -69.668       -1.172    -28.557     33.484    619.490    -73.597            1.062    -14.347 repacked_wt_round_1
out/wt_Y18A.out SCORE:  -1393.045  -3503.614    267.411   1855.097           5.119   -236.439        0.928       -129.202        -68.291        -49.619     -70.139       -1.170    -28.654     33.348    619.363    -73.688            0.852    -14.347 repacked_wt_round_1
out/wt_Y294A.out SCORE:  -1393.654  -3500.931    268.764   1852.192           5.096   -235.445        0.912       -129.129        -69.065        -50.325     -70.419       -1.174    -28.595     34.044    617.577    -73.609            0.799    -14.347 repacked_wt_round_1
out/wt_Y294F.out SCORE:  -1393.654  -3500.931    268.764   1852.192           5.096   -235.445        0.912       -129.129        -69.065        -50.325     -70.419       -1.174    -28.595     34.044    617.577    -73.609            0.799    -14.347 repacked_wt_round_1
out/wt_Y295A.out SCORE:  -1392.241  -3502.062    266.371   1853.458           5.114   -236.975        0.936       -129.172        -68.399        -49.902     -68.439       -1.171    -28.553     33.209    620.249    -73.634            1.077    -14.347 repacked_wt_round_1
out/wt_Y295G.out SCORE:  -1392.241  -3502.062    266.371   1853.458           5.114   -236.975        0.936       -129.172        -68.399        -49.902     -68.439       -1.171    -28.553     33.209    620.249    -73.634            1.077    -14.347 repacked_wt_round_1
