 #ID	F6B7098C-2EC8-11E6-91A5-F81477086C57
# Theoretical Max Height	6.45311498641968
# Observed Max Height	6.313
# Column	Heights																				Expected Insert Length	Insert Probability	Delete Probability	Model Mask
#       	A	C	D	E	F	G	H	I	K	L	M	N	P	Q	R	S	T	V	W	Y
1	0.028	0.004	0.053	0.023	0.003	0.034	0.016	0.014	0.092	0.028	0.031	0.072	0.557	0.023	0.058	0.137	0.064	0.006	0.002	0.007	2	0.00	0.87	0
2	0.031	0.001	0.066	0.113	0.005	0.009	0.007	0.011	0.159	0.014	0.010	0.032	0.022	0.023	0.118	0.048	0.019	0.009	0.001	0.009	2	0.00	0.88	0
3	0.022	0.003	0.010	0.006	0.005	0.017	0.005	0.007	0.012	0.019	0.014	0.010	0.013	0.006	0.033	0.037	0.010	0.007	0.000	0.009	2	0.00	0.40	0
4	0.025	0.003	0.073	0.021	0.001	0.013	0.015	0.004	0.029	0.023	0.015	0.006	0.021	0.028	0.034	0.085	0.038	0.015	0.000	0.002	2	0.00	0.41	0
5	0.000	0.005	0.000	0.000	2.770	0.000	0.005	0.030	0.005	0.423	0.045	0.030	0.000	0.010	0.015	0.015	0.015	0.015	0.015	0.015	2	0.00	0.43	0
6	0.055	0.006	0.055	0.017	0.000	0.105	0.006	0.011	0.055	0.006	0.000	0.017	2.516	0.033	0.066	0.094	0.017	0.000	0.000	0.000	2	0.00	0.35	0
7	0.114	0.000	0.110	0.143	0.000	0.013	0.011	0.000	0.183	0.009	0.002	0.022	0.149	0.026	0.029	0.055	0.029	0.004	0.000	0.000	2	0.00	0.31	0
8	0.012	0.001	0.591	0.061	0.000	0.512	0.038	0.000	0.048	0.005	0.002	0.273	0.010	0.012	0.022	0.044	0.030	0.004	0.004	0.004	2	0.00	0.97	0
9	0.006	0.000	0.003	0.003	4.242	0.003	0.000	0.022	0.003	0.042	0.025	0.000	0.006	0.000	0.003	0.000	0.006	0.000	0.000	0.006	2	0.00	0.98	0
10	0.021	0.002	0.002	0.008	0.031	0.005	0.009	0.115	0.034	0.656	0.065	0.001	0.001	0.007	0.043	0.003	0.046	0.163	0.043	0.024	2	0.00	0.98	0
11	0.000	0.003	0.000	0.000	1.238	0.008	0.006	0.045	0.008	0.161	0.031	0.000	0.000	0.000	0.000	0.003	0.000	0.020	2.858	0.031	2	0.00	0.98	0
12	0.045	0.009	0.002	0.002	0.002	3.397	0.000	0.005	0.000	0.000	0.002	0.002	0.002	0.000	0.002	0.052	0.002	0.000	0.000	0.005	2	0.00	0.98	0
13	0.332	0.008	0.001	0.002	0.022	0.350	0.002	0.008	0.000	0.006	0.001	0.015	0.002	0.000	0.001	0.135	0.208	0.200	0.006	0.008	2	0.00	0.98	0
14	2.054	0.002	0.000	0.000	0.000	0.169	0.002	0.003	0.002	0.000	0.000	0.002	0.002	0.002	0.000	0.420	0.003	0.007	0.000	0.000	2	0.00	0.98	0
15	0.104	0.008	0.000	0.004	0.001	0.013	0.003	0.142	0.000	0.042	0.015	0.003	0.001	0.018	0.000	0.307	1.331	0.164	0.004	0.000	2	0.00	0.97	0
16	1.531	0.003	0.003	0.000	0.000	0.002	0.000	0.000	0.000	0.007	0.000	0.007	0.000	0.000	0.002	1.060	0.012	0.003	0.003	0.000	2	0.00	0.97	0
17	1.715	0.008	0.010	0.000	0.000	0.171	0.002	0.002	0.003	0.003	0.000	0.005	0.013	0.000	0.002	0.500	0.003	0.008	0.000	0.000	2	0.00	0.97	0
18	0.037	0.007	0.003	0.009	0.275	0.004	0.214	0.007	0.000	0.016	0.039	0.394	0.093	0.009	0.000	0.030	0.052	0.015	0.042	1.057	2	0.00	0.97	0
19	0.000	0.000	0.003	0.006	0.000	0.003	0.006	0.000	0.012	0.000	0.000	0.003	0.006	4.504	0.003	0.003	0.000	0.000	0.000	0.000	2	0.00	0.97	0
20	0.066	0.117	0.000	0.001	0.085	0.001	0.004	0.514	0.000	0.060	0.007	0.007	0.000	0.001	0.002	0.066	0.093	0.305	0.006	0.111	2	0.00	0.99	0
21	0.002	0.000	0.015	3.743	0.000	0.000	0.002	0.000	0.002	0.002	0.000	0.000	0.000	0.002	0.000	0.015	0.002	0.000	0.000	0.000	2	0.00	0.98	0
22	0.002	0.016	0.016	0.000	0.000	3.431	0.000	0.000	0.000	0.000	0.066	0.021	0.002	0.000	0.005	0.007	0.002	0.000	0.000	0.000	2	0.00	0.98	0
23	1.165	0.004	0.022	0.009	0.007	0.424	0.028	0.002	0.004	0.001	0.009	0.062	0.000	0.006	0.027	0.095	0.027	0.004	0.017	0.009	2	0.00	0.98	0
24	0.290	0.008	0.016	0.004	0.117	0.013	0.021	0.035	0.009	0.020	0.003	0.015	0.036	0.006	0.008	0.053	0.112	0.207	0.490	0.299	2	0.00	0.88	0
25	0.059	0.001	0.131	0.021	0.018	0.027	0.026	0.010	0.067	0.066	0.003	0.228	0.005	0.048	0.036	0.023	0.038	0.004	0.001	0.011	2	0.00	0.91	0
26	0.138	0.003	0.025	0.588	0.010	0.039	0.003	0.043	0.086	0.037	0.002	0.006	0.002	0.046	0.017	0.027	0.038	0.092	0.000	0.001	2	0.00	0.91	0
27	0.038	0.000	1.353	0.071	0.012	0.626	0.020	0.002	0.026	0.000	0.000	0.033	0.010	0.005	0.007	0.061	0.012	0.002	0.002	0.023	2	0.00	0.88	0
28	0.012	0.014	0.112	0.030	0.005	2.241	0.009	0.002	0.018	0.002	0.000	0.173	0.023	0.020	0.018	0.028	0.014	0.005	0.000	0.002	2	0.00	0.97	0
29	0.042	0.009	0.004	0.004	0.003	0.025	0.006	0.026	1.144	0.007	0.001	0.007	0.064	0.010	0.851	0.012	0.037	0.029	0.000	0.003	2	0.00	0.98	0
30	0.062	0.006	0.000	0.031	0.000	1.660	0.033	0.005	0.062	0.047	0.002	0.009	0.002	0.044	0.006	0.111	0.145	0.022	0.000	0.002	2	0.00	0.91	0
31	0.042	0.000	0.043	0.106	0.005	0.001	0.000	0.047	0.049	0.257	0.038	0.005	0.452	0.021	0.036	0.011	0.010	0.043	0.007	0.005	2	0.00	0.91	0
32	0.101	0.060	0.020	0.002	0.000	0.023	0.005	0.012	0.003	0.005	0.005	0.232	0.000	0.002	0.011	1.720	0.162	0.037	0.000	0.000	2	0.00	0.99	0
33	0.020	0.015	0.085	0.009	0.006	0.010	0.018	0.733	0.002	0.030	0.021	0.119	0.005	0.019	0.015	0.013	0.133	0.265	0.005	0.015	2	0.00	0.99	0
34	0.364	0.024	0.009	0.002	0.056	0.004	0.015	0.083	0.002	0.058	0.081	0.004	0.026	0.128	0.011	0.120	0.054	0.150	2.096	0.079	2	0.00	0.99	0
35	0.016	0.000	3.112	0.049	0.013	0.000	0.018	0.002	0.000	0.002	0.000	0.007	0.000	0.007	0.009	0.033	0.036	0.007	0.131	0.051	2	0.00	0.99	0
36	0.048	0.009	0.024	0.032	0.013	0.001	0.025	0.038	0.020	0.042	0.032	0.008	0.002	0.009	0.053	0.005	0.194	0.163	0.002	0.043	2	0.00	0.97	0
37	0.051	0.029	0.006	0.019	0.718	0.006	0.006	0.060	0.022	0.166	0.118	0.011	0.002	0.022	0.037	0.018	0.023	0.052	0.177	0.166	2	0.00	0.97	0
38	0.094	0.109	0.004	0.050	0.026	0.004	0.003	0.010	0.011	0.039	0.006	0.006	0.080	0.005	0.016	0.151	0.233	0.054	0.000	0.045	2	0.00	0.96	0
39	0.078	0.000	0.026	0.062	0.003	0.010	0.121	0.037	0.055	0.024	0.006	0.049	0.001	0.058	0.118	0.021	0.063	0.009	0.001	0.003	2	0.00	0.53	0
40	0.021	0.000	0.038	0.070	0.005	0.010	0.019	0.025	0.040	0.012	0.007	0.021	0.019	0.047	0.028	0.012	0.129	0.023	0.001	0.015	2	0.00	0.50	0
41	0.048	0.003	0.043	0.044	0.019	0.054	0.031	0.011	0.098	0.010	0.002	0.014	0.436	0.011	0.074	0.084	0.036	0.023	0.002	0.021	2	0.00	0.72	0
42	0.020	0.005	0.043	0.041	0.092	0.294	0.071	0.008	0.049	0.012	0.005	0.057	0.009	0.016	0.032	0.020	0.011	0.033	0.015	0.016	2	0.00	0.71	0
43	0.081	0.002	0.014	0.021	0.014	0.012	0.017	0.045	0.301	0.038	0.010	0.055	0.009	0.013	0.144	0.006	0.027	0.038	0.005	0.015	2	0.00	0.53	0
44	0.010	0.004	0.081	0.037	0.002	0.128	0.005	0.355	0.024	0.012	0.017	0.039	0.002	0.006	0.007	0.019	0.117	0.254	0.000	0.001	2	0.00	0.67	0
45	0.055	0.000	0.019	0.012	0.037	0.004	0.017	0.013	0.032	0.038	0.007	0.020	0.009	0.006	0.023	0.013	0.009	0.025	0.006	0.057	2	0.00	0.69	0
46	0.026	0.003	0.874	0.084	0.008	0.183	0.029	0.003	0.055	0.008	0.000	0.429	0.003	0.031	0.081	0.013	0.010	0.000	0.003	0.013	2	0.00	0.45	0
47	0.031	0.011	0.025	0.009	0.069	0.502	0.036	0.030	0.026	0.010	0.012	0.109	0.001	0.025	0.033	0.012	0.014	0.061	0.030	0.346	2	0.00	0.86	0
48	0.025	0.001	0.147	0.042	0.004	0.071	0.043	0.006	0.041	0.032	0.004	0.020	0.219	0.017	0.013	0.164	0.039	0.003	0.000	0.001	2	0.00	0.97	0
49	0.028	0.009	0.035	0.004	0.007	0.009	0.019	0.030	0.074	0.005	0.001	0.285	0.108	0.001	0.001	0.180	0.237	0.102	0.000	0.010	2	0.00	0.98	0
50	0.111	0.001	0.065	0.070	0.005	0.763	0.279	0.006	0.028	0.047	0.001	0.013	0.028	0.023	0.100	0.018	0.011	0.002	0.001	0.007	2	0.00	0.87	0
51	0.045	0.000	0.487	0.154	0.007	0.007	0.025	0.027	0.064	0.018	0.004	0.064	0.021	0.032	0.045	0.020	0.051	0.046	0.008	0.009	2	0.00	0.87	0
52	0.011	0.000	0.038	0.019	0.013	0.000	0.011	0.365	0.019	0.064	0.027	0.003	0.040	0.024	0.046	0.005	0.078	1.134	0.000	0.003	2	0.00	0.45	0
53	1.709	0.015	0.000	0.006	0.001	0.336	0.000	0.006	0.004	0.013	0.000	0.000	0.001	0.000	0.006	0.087	0.158	0.009	0.000	0.003	2	0.00	0.99	0
54	0.138	0.475	0.081	0.004	0.000	0.004	0.001	0.383	0.000	0.007	0.004	0.054	0.015	0.002	0.001	0.221	0.100	0.238	0.000	0.000	2	0.00	0.99	0
55	0.012	0.000	2.522	0.070	0.002	0.099	0.000	0.000	0.025	0.012	0.004	0.190	0.002	0.033	0.027	0.010	0.035	0.002	0.004	0.008	2	0.00	0.99	0
56	0.011	0.002	0.002	0.041	0.886	0.051	0.786	0.006	0.000	0.015	0.044	0.026	0.000	0.128	0.002	0.289	0.021	0.011	0.012	0.048	2	0.00	0.99	0
57	0.005	0.005	0.000	0.008	0.152	0.000	0.024	0.037	0.000	0.045	0.008	0.000	0.000	0.003	0.042	0.003	0.008	0.018	0.170	3.614	2	0.00	0.99	0
58	0.016	0.000	0.090	0.129	0.008	0.033	2.230	0.006	0.061	0.016	0.002	0.336	0.000	0.031	0.100	0.039	0.041	0.004	0.002	0.086	2	0.00	0.99	0
59	0.003	0.007	0.026	0.005	0.008	0.001	0.336	0.003	0.152	0.190	0.013	0.093	0.000	0.052	1.167	0.016	0.031	0.000	0.000	0.019	2	0.00	0.99	0
60	0.016	0.007	0.000	0.000	0.348	0.002	0.007	0.023	0.000	0.059	0.079	0.000	0.002	0.000	0.002	0.007	0.020	0.059	0.413	2.510	2	0.00	0.99	0
61	0.076	0.000	0.031	0.221	0.000	0.010	0.010	0.004	0.622	0.029	0.010	0.004	0.126	0.084	0.160	0.018	0.010	0.010	0.000	0.001	2	0.00	0.99	0
62	0.039	0.000	0.204	1.442	0.000	0.036	0.004	0.008	0.050	0.005	0.001	0.017	0.000	0.132	0.062	0.071	0.032	0.015	0.000	0.001	2	0.00	0.99	0
63	0.003	0.000	3.992	0.003	0.018	0.000	0.003	0.008	0.000	0.008	0.000	0.008	0.000	0.000	0.000	0.000	0.000	0.005	0.000	0.013	2	0.00	0.99	0
64	0.019	0.004	0.003	0.000	0.064	0.000	0.039	1.028	0.000	0.261	0.013	0.005	0.000	0.000	0.000	0.000	0.017	0.647	0.000	0.003	2	0.00	0.99	0
65	0.417	0.001	0.145	0.127	0.000	0.034	0.007	0.001	0.197	0.012	0.001	0.022	0.001	0.108	0.082	0.016	0.004	0.004	0.002	0.001	2	0.00	0.99	0
66	0.018	0.014	0.001	0.007	0.011	0.000	0.018	0.147	0.007	1.705	0.144	0.029	0.000	0.000	0.053	0.007	0.013	0.008	0.006	0.020	2	0.00	0.99	0
67	0.131	0.030	0.000	0.000	0.457	0.002	0.003	0.182	0.000	0.410	1.049	0.002	0.000	0.002	0.000	0.006	0.002	0.089	0.000	0.009	2	0.00	0.99	0
68	0.569	0.004	0.008	0.036	0.000	0.038	0.036	0.002	0.521	0.002	0.000	0.010	0.000	0.055	0.096	0.070	0.018	0.044	0.000	0.003	2	0.00	0.99	0
69	0.066	0.000	0.190	0.667	0.006	0.054	0.004	0.001	0.088	0.004	0.002	0.047	0.000	0.089	0.049	0.123	0.008	0.002	0.001	0.007	2	0.00	0.99	0
70	0.086	0.010	0.009	0.001	0.033	0.030	0.003	0.137	0.000	0.848	0.746	0.000	0.000	0.008	0.000	0.010	0.084	0.026	0.000	0.034	2	0.00	0.99	0
71	0.004	0.002	0.006	0.006	0.002	2.871	0.043	0.000	0.025	0.000	0.000	0.231	0.000	0.004	0.006	0.022	0.002	0.000	0.000	0.000	2	0.00	0.99	0
72	0.045	0.006	0.000	0.000	0.388	0.002	0.051	0.103	0.000	0.432	0.120	0.003	0.000	0.023	0.000	0.003	0.017	0.262	0.002	0.020	2	0.00	0.99	0
73	0.009	0.000	0.312	0.040	0.000	0.057	0.014	0.001	0.479	0.003	0.001	0.321	0.014	0.069	0.044	0.046	0.092	0.000	0.000	0.000	2	0.00	0.99	0
74	0.476	0.132	0.006	0.001	0.033	0.033	0.038	0.032	0.001	0.009	0.031	0.010	0.000	0.004	0.003	0.205	0.111	0.122	0.001	0.019	2	0.00	0.99	0
75	0.024	0.004	0.000	0.000	0.841	0.000	0.026	0.069	0.000	0.220	0.016	0.002	0.000	0.000	0.000	0.002	0.004	0.028	0.002	1.972	2	0.00	0.99	0
76	0.003	0.000	0.000	0.000	0.000	0.000	0.003	0.003	0.003	0.000	0.000	0.005	0.000	0.008	3.998	0.031	0.000	0.003	0.005	0.000	2	0.00	0.99	0
77	0.000	0.000	0.000	0.000	1.499	0.003	0.000	0.122	0.000	0.267	0.193	0.000	0.005	0.000	0.000	0.002	0.361	0.050	0.005	0.035	2	0.00	0.99	0
78	0.000	0.002	0.002	0.000	0.000	0.161	0.000	0.000	0.000	0.002	0.000	0.019	0.006	0.042	0.000	3.072	0.034	0.000	0.000	0.000	2	0.00	0.99	0
79	0.003	0.000	0.000	0.000	0.038	0.000	0.002	1.873	0.000	0.285	0.025	0.000	0.010	0.000	0.002	0.002	0.053	0.321	0.000	0.000	2	0.00	0.99	0
80	0.636	0.015	0.026	0.150	0.000	0.009	0.002	0.001	0.001	0.009	0.002	0.077	0.025	0.061	0.001	0.791	0.001	0.001	0.000	0.001	2	0.00	1.00	0
81	0.000	0.004	0.000	0.000	0.000	0.000	0.000	0.008	0.000	0.024	0.012	0.000	0.008	0.000	0.008	0.000	0.000	0.004	6.193	0.020	2	0.00	1.00	0
82	0.270	0.006	0.001	0.004	0.001	0.025	0.012	0.000	0.001	0.000	0.000	0.007	0.442	0.000	0.000	0.765	0.341	0.006	0.001	0.008	2	0.00	0.99	0
83	0.003	0.000	0.003	0.000	0.000	0.000	0.003	0.003	0.015	0.008	0.000	0.000	0.000	0.000	4.030	0.003	0.010	0.003	0.000	0.000	2	0.00	0.99	0
84	0.020	0.002	0.000	0.000	0.030	0.000	0.002	1.558	0.000	0.336	0.012	0.000	0.000	0.000	0.000	0.002	0.009	0.487	0.000	0.002	2	0.00	0.99	0
85	0.005	0.009	0.003	0.075	0.541	0.000	0.007	0.224	0.000	0.343	0.092	0.010	0.001	0.110	0.012	0.002	0.001	0.030	0.003	0.097	2	0.00	1.00	0
86	0.034	0.000	0.040	0.013	0.000	0.002	0.013	0.016	0.083	0.018	0.000	0.022	3.198	0.020	0.011	0.025	0.040	0.007	0.000	0.002	2	0.00	0.99	0
87	0.021	0.001	0.158	0.087	0.002	0.030	0.018	0.002	0.070	0.026	0.004	0.186	0.039	0.035	0.038	0.028	0.100	0.002	0.000	0.006	2	0.00	0.98	0
88	0.020	0.002	0.095	0.051	0.012	0.010	0.015	0.017	0.073	0.005	0.002	0.005	0.015	0.005	0.232	0.139	0.168	0.032	0.002	0.012	2	0.00	0.24	0
89	0.009	0.000	0.019	0.000	0.000	2.728	0.019	0.037	0.019	0.009	0.000	0.000	0.009	0.000	0.037	0.000	0.000	0.204	0.000	0.000	2	0.00	0.21	0
90	0.205	0.000	0.010	0.085	0.000	0.010	0.005	0.038	0.083	0.005	0.003	0.008	0.183	0.035	0.075	0.018	0.063	0.033	0.000	0.000	2	0.00	0.22	0
91	0.057	0.001	0.017	0.056	0.006	0.051	0.001	0.085	0.026	0.040	0.009	0.007	0.026	0.008	0.003	0.011	0.024	0.192	0.002	0.004	2	0.00	0.80	0
92	0.002	0.016	0.240	0.036	0.000	0.031	0.011	0.000	0.004	0.011	0.000	2.949	0.000	0.004	0.002	0.171	0.004	0.024	0.002	0.000	2	0.00	0.99	0
93	0.072	0.000	0.016	0.500	0.001	0.006	0.010	0.006	0.084	0.016	0.014	0.004	0.238	0.272	0.062	0.023	0.022	0.014	0.008	0.010	2	0.00	0.99	0
94	0.325	0.001	0.063	0.325	0.006	0.007	0.002	0.004	0.292	0.025	0.002	0.008	0.015	0.045	0.049	0.017	0.012	0.008	0.003	0.006	2	0.00	0.99	0
95	0.315	0.000	0.035	0.053	0.000	2.426	0.000	0.000	0.000	0.000	0.011	0.004	0.000	0.007	0.002	0.007	0.002	0.015	0.000	0.028	2	0.00	0.99	0
96	0.037	0.000	0.000	0.001	0.025	0.000	0.000	0.463	0.002	0.903	0.019	0.001	0.000	0.001	0.004	0.001	0.000	0.377	0.032	0.000	2	0.00	0.99	0
97	0.260	0.001	0.304	0.145	0.001	0.012	0.001	0.003	0.119	0.011	0.006	0.038	0.001	0.130	0.054	0.030	0.016	0.004	0.000	0.002	2	0.00	1.00	0
98	0.004	0.000	0.000	0.000	2.162	0.000	0.314	0.000	0.004	0.008	0.004	0.004	0.000	0.006	0.057	0.000	0.006	0.002	0.030	0.734	2	0.00	1.00	0
99	0.033	0.003	0.000	0.000	0.000	0.000	0.003	0.018	0.000	0.006	0.000	0.003	0.006	0.000	0.000	0.006	0.018	0.015	0.000	4.676	2	0.00	1.00	0
100	0.009	0.000	0.493	0.102	0.000	0.007	0.106	0.022	0.076	0.010	0.003	0.380	0.001	0.022	0.192	0.080	0.010	0.016	0.001	0.000	2	0.00	1.00	0
101	0.070	0.003	0.237	0.079	0.001	0.014	0.017	0.002	0.129	0.003	0.003	0.264	0.000	0.057	0.379	0.057	0.011	0.002	0.000	0.003	2	0.00	1.00	0
102	0.003	0.000	0.000	0.014	0.059	0.000	0.000	0.151	0.000	0.979	0.108	0.000	0.003	0.002	0.005	0.000	0.007	0.473	0.001	0.028	2	0.00	1.00	0
103	0.013	0.011	0.000	0.000	0.510	0.000	0.000	0.975	0.000	0.190	0.009	0.000	0.000	0.000	0.000	0.005	0.034	0.369	0.000	0.005	2	0.00	1.00	0
104	0.103	0.000	1.270	0.114	0.000	0.015	0.008	0.001	0.099	0.023	0.001	0.292	0.000	0.048	0.040	0.038	0.042	0.003	0.000	0.001	2	0.00	1.00	0
105	0.150	0.038	0.059	0.677	0.012	0.090	0.004	0.001	0.044	0.036	0.002	0.010	0.000	0.011	0.035	0.043	0.094	0.004	0.000	0.024	2	0.00	1.00	0
106	0.032	0.403	0.000	0.000	0.026	0.000	0.006	0.092	0.000	1.575	0.199	0.000	0.000	0.000	0.000	0.006	0.005	0.042	0.009	0.003	2	0.00	1.00	0
107	0.030	0.009	0.003	0.030	0.002	0.004	0.063	0.135	0.135	0.571	0.004	0.024	0.000	0.017	0.110	0.002	0.011	0.048	0.001	0.002	2	0.00	1.00	0
108	0.286	0.001	0.054	0.226	0.001	0.013	0.007	0.001	0.357	0.019	0.001	0.022	0.000	0.039	0.061	0.074	0.013	0.007	0.000	0.001	2	0.00	1.00	0
109	0.186	0.007	0.001	0.026	0.003	0.001	0.192	0.005	0.122	0.037	0.004	0.289	0.001	0.054	0.184	0.025	0.004	0.006	0.001	0.293	2	0.00	1.00	0
110	0.006	0.002	0.181	0.023	0.000	1.841	0.086	0.000	0.044	0.000	0.000	0.338	0.000	0.026	0.008	0.010	0.000	0.000	0.000	0.000	2	0.00	1.00	0
111	0.002	0.000	0.000	0.000	0.017	0.004	0.000	2.302	0.007	0.221	0.147	0.002	0.000	0.006	0.002	0.002	0.004	0.203	0.000	0.000	2	0.00	1.00	0
112	0.030	0.001	0.024	0.638	0.000	0.001	0.006	0.041	0.162	0.017	0.004	0.005	0.000	0.165	0.070	0.018	0.208	0.045	0.000	0.004	2	0.00	1.00	0
113	0.055	0.002	0.000	0.000	0.014	0.000	0.000	0.060	0.000	0.055	0.000	0.002	3.288	0.000	0.000	0.018	0.030	0.105	0.000	0.000	2	0.00	1.00	0
114	0.034	0.009	0.000	0.001	0.246	0.000	0.045	0.185	0.000	0.213	0.182	0.020	0.000	0.002	0.001	0.008	0.003	0.227	0.079	0.110	2	0.00	1.00	0
115	0.185	0.021	0.000	0.000	0.007	0.001	0.000	0.389	0.000	0.175	0.038	0.000	0.043	0.003	0.000	0.000	0.001	1.203	0.000	0.000	2	0.00	1.00	0
116	0.006	0.135	0.040	0.000	0.000	0.008	0.000	0.004	0.000	0.000	0.011	0.240	0.000	0.000	0.000	0.065	2.806	0.017	0.000	0.000	2	0.00	1.00	0
117	0.002	0.002	0.000	0.000	0.019	0.000	0.000	0.403	0.000	1.874	0.126	0.002	0.000	0.002	0.000	0.000	0.002	0.033	0.000	0.009	2	0.00	1.00	0
118	0.021	0.053	0.018	0.025	0.339	0.000	0.171	0.008	0.000	0.038	0.012	0.078	0.001	0.008	0.000	0.353	0.040	0.024	0.016	0.884	2	0.00	1.00	0
119	0.013	0.000	0.000	0.000	0.000	0.000	5.229	0.000	0.010	0.000	0.000	0.020	0.000	0.013	0.003	0.000	0.000	0.000	0.007	0.003	2	0.00	1.00	0
120	0.000	0.005	0.021	0.000	1.224	0.002	0.024	0.007	0.000	0.031	0.002	0.005	0.000	0.005	0.000	0.019	0.007	0.012	1.692	0.682	2	0.00	1.00	0
121	0.015	0.000	1.868	0.554	0.002	0.041	0.000	0.000	0.000	0.000	0.000	0.007	0.015	0.000	0.000	0.039	0.118	0.048	0.000	0.000	2	0.00	1.00	0
122	0.013	0.015	0.003	0.006	0.022	0.001	0.038	0.068	0.001	0.749	0.301	0.015	0.010	0.002	0.000	0.045	0.176	0.073	0.000	0.035	2	0.00	1.00	0
123	0.000	0.000	0.000	0.000	0.000	0.000	0.000	0.000	0.000	0.000	0.000	0.000	4.352	0.000	0.000	0.005	0.000	0.000	0.000	0.000	2	0.00	1.00	0
124	0.062	0.000	0.029	0.019	0.023	0.018	0.007	0.054	0.016	0.304	0.058	0.005	0.001	0.537	0.018	0.020	0.013	0.057	0.020	0.113	2	0.00	1.00	0
125	0.387	0.007	0.011	0.093	0.008	0.038	0.131	0.012	0.024	0.001	0.004	0.045	0.034	0.007	0.016	0.043	0.034	0.036	0.136	0.094	2	0.00	1.00	0
126	0.030	0.003	0.000	0.005	0.110	0.000	0.000	0.106	0.000	2.141	0.050	0.000	0.000	0.000	0.000	0.002	0.002	0.064	0.018	0.002	2	0.00	1.00	0
127	0.039	0.001	0.109	0.442	0.005	0.012	0.033	0.006	0.120	0.027	0.008	0.028	0.011	0.195	0.042	0.012	0.051	0.011	0.000	0.011	2	0.00	0.97	0
128	0.037	0.001	0.412	0.186	0.002	0.004	0.018	0.021	0.285	0.030	0.007	0.050	0.002	0.056	0.069	0.014	0.038	0.010	0.000	0.002	2	0.00	0.96	0
129	0.089	0.001	0.015	0.176	0.006	0.005	0.006	0.014	0.116	0.083	0.018	0.015	0.000	0.042	0.147	0.029	0.012	0.007	0.000	0.002	2	0.00	0.41	0
130	0.041	0.000	0.088	0.023	0.004	2.366	0.007	0.002	0.038	0.013	0.002	0.036	0.002	0.018	0.011	0.119	0.016	0.002	0.000	0.004	2	0.00	0.98	0
131	0.085	0.000	0.029	0.004	0.000	3.019	0.000	0.000	0.000	0.000	0.000	0.044	0.018	0.000	0.004	0.070	0.004	0.000	0.000	0.000	2	0.00	0.56	0
132	0.000	0.003	0.000	0.000	0.867	0.010	0.000	0.013	0.000	0.136	0.019	0.000	0.003	0.003	0.000	0.003	0.000	0.006	3.920	0.032	2	0.00	0.99	0
133	0.042	0.003	0.005	0.060	0.001	0.006	0.002	0.009	0.022	0.123	0.009	0.004	0.018	0.016	0.049	0.020	0.049	0.020	0.001	0.008	2	0.00	0.96	0
134	0.053	0.007	0.158	0.042	0.000	0.045	0.024	0.001	0.051	0.002	0.000	0.894	0.000	0.012	0.021	0.585	0.026	0.035	0.002	0.004	2	0.00	0.99	0
135	0.043	0.001	0.061	0.129	0.003	0.014	0.019	0.005	0.125	0.010	0.000	0.003	0.334	0.017	1.201	0.057	0.017	0.009	0.000	0.001	2	0.00	0.99	0
136	0.045	0.002	0.177	0.234	0.001	0.016	0.033	0.008	0.191	0.020	0.002	0.028	0.000	0.053	0.100	0.031	0.017	0.006	0.001	0.008	2	0.00	0.99	0
137	0.031	0.019	0.000	0.000	0.048	0.002	0.001	0.283	0.002	0.132	0.091	0.031	0.000	0.001	0.000	0.058	0.323	0.245	0.001	0.009	2	0.00	0.99	0
138	0.301	0.011	0.000	0.006	0.000	0.004	0.003	0.510	0.009	0.035	0.004	0.001	0.074	0.020	0.013	0.036	0.019	0.534	0.000	0.002	2	0.00	1.00	0
139	0.044	0.001	0.377	0.183	0.012	0.052	0.023	0.010	0.077	0.020	0.001	0.046	0.021	0.028	0.020	0.024	0.017	0.011	0.002	0.062	2	0.00	1.00	0
140	0.161	0.024	0.187	0.036	0.138	0.003	0.060	0.013	0.013	0.102	0.007	0.002	0.003	0.006	0.096	0.005	0.001	0.006	0.076	0.076	2	0.00	1.00	0
141	0.005	0.000	0.000	0.000	2.750	0.000	0.000	0.007	0.000	0.058	0.012	0.000	0.000	0.000	0.000	0.007	0.000	0.016	0.056	0.753	2	0.00	1.00	0
142	0.212	0.004	0.012	0.104	0.003	0.025	0.001	0.014	0.025	0.057	0.007	0.013	0.000	0.016	0.035	0.010	0.055	0.164	0.000	0.002	2	0.00	1.00	0
143	0.069	0.002	0.201	0.159	0.008	0.013	0.053	0.004	0.126	0.005	0.001	0.084	0.001	0.022	0.197	0.012	0.022	0.007	0.000	0.015	2	0.00	1.00	0
144	0.000	0.000	0.000	0.000	0.832	0.000	0.010	0.000	0.000	0.075	0.003	0.028	0.000	0.000	0.000	0.003	0.000	0.000	0.003	2.985	2	0.00	1.00	0
145	1.720	0.240	0.000	0.002	0.000	0.034	0.000	0.003	0.000	0.003	0.003	0.000	0.002	0.000	0.002	0.112	0.108	0.200	0.000	0.000	2	0.00	1.00	0
146	0.083	0.001	0.108	0.195	0.002	0.021	0.006	0.010	0.145	0.008	0.004	0.022	0.000	0.034	0.162	0.027	0.044	0.009	0.001	0.002	2	0.00	1.00	0
147	0.070	0.003	0.003	0.013	0.071	0.001	0.008	0.096	0.038	0.126	0.003	0.001	0.000	0.010	0.026	0.003	0.245	0.271	0.000	0.037	2	0.00	1.00	0
148	0.134	0.669	0.000	0.001	0.014	0.000	0.000	0.234	0.000	0.303	0.101	0.000	0.000	0.000	0.000	0.004	0.026	0.681	0.000	0.001	2	0.00	1.00	0
149	0.244	0.007	0.001	0.000	1.292	0.032	0.033	0.076	0.001	0.078	0.097	0.000	0.000	0.001	0.000	0.035	0.058	0.156	0.000	0.086	2	0.00	1.00	0
150	0.047	0.000	0.079	0.230	0.000	0.021	0.010	0.001	0.170	0.003	0.002	0.046	0.006	0.062	0.106	0.040	0.068	0.001	0.014	0.005	2	0.00	1.00	0
151	0.161	0.005	0.000	0.215	0.001	0.003	0.067	0.007	0.049	0.078	0.004	0.067	0.001	0.016	0.472	0.028	0.041	0.012	0.002	0.013	2	0.00	1.00	0
152	0.000	0.000	0.000	0.000	1.237	0.000	0.000	0.060	0.000	0.599	0.014	0.000	0.000	0.000	0.000	0.000	0.000	0.010	0.019	0.791	2	0.00	1.00	0
153	0.087	0.001	0.045	0.005	0.001	1.202	0.039	0.001	0.334	0.004	0.000	0.028	0.006	0.048	0.065	0.077	0.009	0.001	0.000	0.003	2	0.00	0.98	0
154	0.017	0.001	1.479	0.094	0.000	0.268	0.056	0.000	0.072	0.000	0.000	0.130	0.040	0.023	0.009	0.053	0.017	0.000	0.006	0.000	2	0.00	0.99	0
155	0.011	0.002	0.029	0.051	0.009	0.015	0.011	0.030	0.448	0.163	0.003	0.010	0.000	0.033	0.866	0.010	0.003	0.021	0.017	0.043	2	0.00	0.99	0
156	0.039	0.031	0.021	0.004	0.002	0.012	0.002	0.204	0.000	0.056	0.017	0.000	0.004	0.000	0.000	0.002	0.006	2.657	0.000	0.000	2	0.00	1.00	0
157	0.048	0.001	0.124	0.039	0.005	0.015	0.044	0.006	0.923	0.005	0.000	0.045	0.073	0.031	0.121	0.050	0.076	0.006	0.007	0.014	2	0.00	1.00	0
158	0.023	0.005	0.043	0.012	0.062	0.004	0.220	0.024	0.046	0.129	0.041	0.100	0.003	0.021	0.049	0.052	0.055	0.031	0.021	0.613	2	0.00	1.00	0
159	0.067	0.003	0.000	0.000	0.168	0.000	0.000	0.070	0.000	0.010	0.000	0.000	0.000	0.000	0.007	0.003	0.010	0.107	4.623	0.251	2	0.00	1.00	0
160	0.085	0.027	0.000	0.000	0.084	0.002	0.000	0.311	0.000	0.215	0.124	0.008	0.000	0.007	0.000	0.041	0.152	0.087	0.001	0.009	2	0.00	1.00	0
161	0.011	0.002	0.000	0.000	0.000	0.002	0.000	0.022	0.000	0.004	0.017	0.004	0.181	0.000	0.000	0.072	3.076	0.068	0.000	0.000	2	0.00	1.00	0
162	0.001	0.001	0.000	0.001	1.104	0.000	0.089	0.382	0.000	0.446	0.083	0.003	0.000	0.006	0.000	0.003	0.003	0.093	0.001	0.018	2	0.00	1.00	0
163	0.003	0.011	0.033	0.000	0.000	0.000	0.003	0.003	0.003	0.003	0.003	4.347	0.000	0.000	0.000	0.006	0.008	0.000	0.000	0.000	2	0.00	1.00	0
164	0.000	0.000	0.000	3.903	0.000	0.000	0.000	0.000	0.000	0.000	0.000	0.000	0.000	0.000	0.000	0.000	0.000	0.000	0.000	0.000	2	0.00	1.00	0
165	0.085	0.002	0.000	0.000	0.016	0.003	0.011	0.577	0.002	0.031	0.043	0.006	1.461	0.166	0.000	0.009	0.017	0.033	0.000	0.000	2	0.00	1.00	0
166	0.028	0.002	0.035	0.011	0.074	0.022	0.045	0.097	0.037	0.080	0.042	0.677	0.005	0.039	0.035	0.038	0.026	0.036	0.290	0.049	2	0.00	0.99	0
167	0.043	0.153	0.004	0.014	0.009	0.037	0.008	0.091	0.004	0.043	0.026	0.013	0.125	0.025	0.006	0.070	0.068	0.209	0.001	0.001	2	0.00	0.98	0
168	0.037	0.006	0.002	0.014	0.222	0.016	0.025	0.043	0.002	0.062	0.018	0.007	0.035	0.017	0.006	0.096	0.028	0.110	0.026	0.114	2	0.00	0.98	0
169	0.165	0.062	0.006	0.003	0.012	0.011	0.022	0.036	0.004	0.041	0.050	0.013	0.012	0.010	0.002	0.101	0.101	0.094	0.003	0.012	2	0.00	0.99	0
170	0.014	0.003	0.008	0.016	0.017	0.036	0.003	0.014	0.002	0.016	0.007	0.013	0.003	0.010	0.003	0.017	0.013	0.015	0.006	0.011	2	0.00	0.96	0
171	0.045	0.008	0.008	0.014	0.015	0.055	0.007	0.007	0.005	0.100	0.013	0.018	0.003	0.019	0.008	0.026	0.008	0.011	0.003	0.019	2	0.00	0.98	0
172	0.148	0.013	0.009	0.036	0.009	1.408	0.009	0.018	0.019	0.031	0.013	0.008	0.004	0.052	0.035	0.139	0.014	0.032	0.005	0.006	2	0.00	0.98	0
173	0.034	0.004	0.005	0.010	0.097	0.013	0.123	0.235	0.013	0.204	0.042	0.024	0.004	0.003	0.012	0.012	0.041	0.110	0.016	1.034	2	0.00	0.98	0
174	0.027	0.002	0.016	0.011	0.010	0.047	0.003	0.021	0.007	0.043	0.009	0.007	0.002	0.005	0.009	0.008	0.007	0.021	0.001	0.004	2	0.00	0.97	0
175	0.020	0.001	0.013	0.016	0.018	0.011	0.039	0.025	0.002	0.040	0.013	0.023	0.000	0.009	0.011	0.035	0.032	0.022	0.008	0.018	2	0.00	0.58	0
176	0.051	0.004	0.075	0.008	0.004	2.481	0.000	0.016	0.024	0.008	0.000	0.020	0.016	0.008	0.004	0.075	0.067	0.008	0.000	0.000	2	0.00	0.46	0
177	0.023	0.001	0.010	0.044	0.010	0.009	0.011	0.071	0.011	0.020	0.007	0.012	0.004	0.012	0.025	0.020	0.024	0.085	0.007	0.006	2	0.00	0.46	0
178	0.012	0.012	0.042	0.009	0.353	0.030	0.981	0.024	0.105	0.120	0.132	0.060	0.000	0.057	0.024	0.045	0.024	0.009	0.012	0.066	2	0.00	0.45	0
179	0.785	0.013	0.038	0.024	0.017	0.060	0.010	0.014	0.014	0.032	0.000	0.018	0.231	0.008	0.005	0.026	0.033	0.010	0.014	0.137	2	0.00	0.73	0
180	0.040	0.003	0.020	0.047	0.010	0.020	0.013	0.007	0.040	0.050	0.017	0.033	2.806	0.047	0.013	0.030	0.027	0.020	0.000	0.003	2	0.00	0.61	0
181	0.090	0.024	0.032	0.024	0.034	0.855	0.014	0.016	0.034	0.026	0.026	0.104	0.016	0.024	0.027	0.056	0.027	0.006	0.002	0.024	2	0.00	0.74	0
182	0.024	0.001	0.009	0.013	0.004	0.009	0.046	0.063	0.041	0.122	0.013	0.008	0.083	0.011	0.145	0.007	0.011	0.035	0.003	0.020	2	0.00	0.39	0
183	0.044	0.002	0.041	0.048	0.011	0.064	0.039	0.002	0.145	0.007	0.009	0.051	0.002	0.071	0.506	0.027	0.117	0.016	0.002	0.009	2	0.00	0.43	0
184	0.029	0.003	0.191	0.116	0.002	0.034	0.010	0.008	0.036	0.029	0.007	0.104	0.057	0.013	0.015	0.058	0.020	0.010	0.003	0.002	2	0.00	0.74	0
185	0.012	0.001	0.006	0.012	0.007	0.031	0.007	0.013	0.021	0.026	0.006	0.002	0.022	0.012	0.015	0.068	0.008	0.032	0.006	0.003	2	0.00	0.63	0
186	0.029	0.001	0.040	0.015	0.008	0.017	0.006	0.008	0.014	0.013	0.001	0.035	0.006	0.010	0.012	0.019	0.019	0.010	0.001	0.007	2	0.00	0.82	0
187	0.159	0.000	0.059	0.378	0.010	0.085	0.006	0.006	0.033	0.027	0.005	0.019	0.018	0.027	0.017	0.026	0.030	0.013	0.001	0.019	2	0.00	0.46	0
188	0.119	0.007	0.007	0.007	0.011	0.023	0.003	0.021	0.024	0.040	0.031	0.003	0.081	0.006	0.027	0.017	0.022	0.028	0.004	0.011	2	0.00	0.97	0
189	0.098	0.005	0.008	0.020	0.158	0.017	0.017	0.059	0.016	0.202	0.048	0.019	0.025	0.004	0.027	0.011	0.014	0.104	0.042	0.666	2	0.00	0.98	0
190	0.075	0.003	0.015	0.026	0.001	0.002	0.011	0.112	0.074	0.101	0.011	0.023	0.032	0.424	0.089	0.009	0.068	0.033	0.003	0.006	2	0.00	0.99	0
191	0.728	0.089	0.002	0.008	0.007	0.046	0.006	0.056	0.004	0.025	0.042	0.002	0.000	0.030	0.000	0.052	0.035	0.407	0.014	0.005	2	0.00	1.00	0
192	0.225	0.010	0.007	0.006	0.009	0.067	0.003	0.041	0.003	0.074	0.034	0.040	0.000	0.012	0.007	0.051	0.033	0.046	0.004	0.007	2	0.00	1.00	0
193	0.050	0.000	0.057	0.027	0.071	0.000	2.687	0.027	0.116	0.046	0.005	0.032	0.009	0.007	0.057	0.016	0.016	0.016	0.002	0.360	2	0.00	0.99	0
194	0.027	0.000	0.002	0.006	0.004	0.033	1.544	0.069	0.004	0.011	0.002	0.974	0.002	0.011	0.036	0.033	0.069	0.029	0.000	0.170	2	0.00	1.00	0
195	0.047	0.004	0.000	0.096	0.011	0.003	0.001	0.096	0.015	0.305	0.143	0.002	0.000	0.214	0.002	0.009	0.060	0.118	0.000	0.001	2	0.00	1.00	0
196	0.050	0.013	0.001	0.000	0.188	0.001	0.007	0.140	0.000	0.650	0.105	0.108	0.000	0.019	0.002	0.014	0.023	0.061	0.000	0.008	2	0.00	1.00	0
197	0.022	0.000	0.004	0.022	0.003	0.000	0.001	0.094	0.074	0.804	0.017	0.012	0.000	0.016	0.062	0.003	0.012	0.348	0.000	0.014	2	0.00	1.00	0
198	2.053	0.061	0.000	0.000	0.000	0.204	0.000	0.002	0.000	0.002	0.000	0.000	0.000	0.000	0.000	0.276	0.013	0.015	0.000	0.002	2	0.00	1.00	0
199	0.045	0.002	0.002	0.010	0.004	0.022	1.969	0.010	0.000	0.002	0.010	0.119	0.000	0.125	0.000	0.848	0.049	0.000	0.000	0.014	2	0.00	1.00	0
200	1.253	0.029	0.000	0.008	0.009	0.461	0.009	0.023	0.019	0.009	0.003	0.015	0.000	0.006	0.025	0.081	0.013	0.042	0.000	0.000	2	0.00	1.00	0
201	0.098	0.002	0.003	0.046	0.002	0.005	0.013	0.013	0.191	0.240	0.018	0.006	0.000	0.019	0.110	0.038	0.021	0.005	0.007	0.013	2	0.00	1.00	0
202	1.603	0.013	0.000	0.000	0.003	0.104	0.000	0.068	0.000	0.020	0.011	0.000	0.001	0.001	0.000	0.041	0.096	0.266	0.000	0.000	2	0.00	1.00	0
203	0.095	0.008	0.002	0.001	0.022	0.013	0.003	0.137	0.008	0.034	0.067	0.006	0.001	0.003	0.018	0.017	0.155	0.848	0.021	0.177	2	0.00	1.00	0
204	0.060	0.002	0.064	0.082	0.001	0.008	0.057	0.025	0.264	0.011	0.004	0.045	0.016	0.137	0.128	0.025	0.014	0.007	0.000	0.004	2	0.00	1.00	0
205	0.186	0.001	0.003	0.037	0.005	0.002	0.004	0.088	0.018	0.168	0.020	0.005	0.001	0.009	0.035	0.019	0.017	0.073	0.002	0.026	2	0.00	1.00	0
206	0.139	0.093	0.000	0.000	0.185	0.152	0.003	0.185	0.000	0.200	0.042	0.000	0.000	0.000	0.000	0.006	0.001	0.052	0.001	0.402	2	0.00	1.00	0
207	0.083	0.001	0.052	0.395	0.001	0.009	0.007	0.000	0.222	0.011	0.002	0.019	0.001	0.094	0.515	0.049	0.017	0.001	0.003	0.001	2	0.00	0.89	0
208	0.224	0.000	0.019	0.123	0.000	0.022	0.015	0.011	0.007	0.052	0.000	0.019	0.000	0.030	0.075	0.037	0.037	0.056	0.004	0.000	2	0.00	0.12	0
209	0.037	0.000	0.016	0.033	0.000	0.030	0.004	0.006	0.036	0.019	0.004	0.013	0.008	0.011	0.010	0.014	0.024	0.008	0.000	0.006	2	0.00	0.36	0
210	0.033	0.009	0.032	0.020	0.001	0.032	0.014	0.008	0.092	0.017	0.006	0.039	0.013	0.009	0.039	0.016	0.009	0.019	0.000	0.006	2	0.00	0.53	0
211	0.038	0.005	0.025	0.031	0.018	0.028	0.009	0.006	0.031	0.019	0.005	0.027	0.017	0.016	0.015	0.029	0.011	0.013	0.001	0.087	2	0.00	0.51	0
212	0.110	0.003	0.066	0.045	0.000	0.125	0.012	0.003	0.081	0.012	0.000	0.024	0.212	0.927	0.057	0.024	0.030	0.018	0.003	0.036	2	0.00	0.38	0
213	0.023	0.000	0.167	0.077	0.003	0.165	0.022	0.001	0.125	0.005	0.008	0.120	0.024	0.045	0.022	0.026	0.025	0.005	0.002	0.003	2	0.00	0.81	0
214	0.011	0.003	0.009	0.085	0.006	0.012	0.004	0.018	0.317	0.032	0.046	0.024	0.040	0.205	0.102	0.051	0.024	0.034	0.003	0.001	2	0.00	0.98	0
215	0.053	0.015	0.000	0.001	0.042	0.001	0.007	1.264	0.001	0.107	0.053	0.023	0.006	0.001	0.004	0.007	0.007	0.621	0.000	0.004	2	0.00	0.99	0
216	0.054	0.004	0.025	0.008	0.004	2.664	0.004	0.000	0.006	0.019	0.023	0.004	0.000	0.011	0.013	0.162	0.013	0.002	0.000	0.004	2	0.00	0.99	0
217	0.063	0.264	0.002	0.000	0.028	0.044	0.000	0.568	0.001	0.112	0.045	0.035	0.080	0.005	0.000	0.035	0.049	0.113	0.011	0.019	2	0.00	0.99	0
218	0.223	0.007	0.000	0.001	0.001	0.005	0.001	0.141	0.015	0.014	0.420	0.030	0.001	0.002	0.001	0.101	0.363	0.301	0.000	0.001	2	0.00	0.99	0
219	0.012	0.013	0.010	0.007	0.063	0.001	0.060	0.150	0.006	0.457	0.026	0.049	0.040	0.009	0.000	0.019	0.012	0.097	0.002	0.028	2	0.00	1.00	0
220	0.242	0.027	0.085	0.005	0.011	0.038	0.037	0.016	0.001	0.051	0.005	0.444	0.006	0.026	0.001	0.126	0.037	0.054	0.001	0.016	2	0.00	0.99	0
221	0.044	0.039	0.003	0.000	0.050	0.050	0.018	0.021	0.001	0.093	0.015	0.011	0.027	0.005	0.004	0.073	0.046	0.033	0.001	0.007	2	0.00	0.47	0
222	0.019	0.004	0.012	0.016	0.011	0.022	0.015	0.014	0.003	0.010	0.015	0.011	0.006	0.015	0.007	0.037	0.040	0.012	0.002	0.006	2	0.00	0.98	0
223	0.045	0.027	0.036	0.026	0.028	0.031	0.019	0.020	0.008	0.046	0.025	0.017	0.380	0.022	0.011	0.046	0.097	0.084	0.251	0.060	2	0.00	0.97	0
224	0.162	0.066	0.006	0.018	0.151	0.024	0.021	0.071	0.013	0.034	0.029	0.020	0.028	0.011	0.027	0.048	0.046	0.153	0.003	1.026	2	0.00	0.88	0
225	0.016	0.003	0.032	0.366	0.027	0.004	0.022	0.058	0.010	0.049	0.013	0.001	0.000	0.019	0.086	0.016	0.027	0.111	0.032	0.142	2	0.00	0.44	0
226	0.364	0.006	0.002	0.000	0.002	0.067	0.000	0.006	0.000	0.006	0.002	0.000	2.554	0.008	0.000	0.096	0.041	0.012	0.000	0.002	2	0.00	0.98	0
227	0.147	0.001	0.007	0.029	0.027	0.008	0.010	0.019	0.031	0.112	0.010	0.015	0.002	0.009	0.047	0.012	0.006	0.030	0.012	0.083	2	0.00	0.97	0
228	0.038	0.004	0.108	0.041	0.002	0.023	0.042	0.010	0.073	0.010	0.003	0.122	0.009	0.008	0.035	0.166	0.083	0.004	0.002	0.003	2	0.00	0.98	0
229	0.099	0.000	0.304	0.121	0.008	0.046	0.008	0.000	0.000	0.008	0.000	0.053	0.061	0.030	0.053	0.076	0.076	0.015	0.000	0.000	2	0.00	0.08	0
230	0.064	0.001	0.042	0.083	0.007	0.009	0.007	0.020	0.067	0.024	0.004	0.024	0.477	0.032	0.035	0.140	0.067	0.018	0.003	0.008	2	0.00	0.96	0
231	0.122	0.002	0.110	0.213	0.001	0.008	0.010	0.006	0.045	0.026	0.003	0.017	0.068	0.033	0.026	0.026	0.016	0.018	0.000	0.003	2	0.00	0.96	0
232	0.450	0.003	0.047	0.368	0.000	0.060	0.003	0.009	0.050	0.028	0.006	0.003	0.041	0.022	0.035	0.019	0.006	0.025	0.006	0.009	2	0.00	0.24	0
233	0.044	0.009	2.615	0.028	0.000	0.009	0.065	0.002	0.007	0.002	0.000	0.216	0.007	0.013	0.011	0.059	0.026	0.002	0.000	0.022	2	0.00	0.90	0
234	0.056	0.001	0.008	0.027	0.004	0.002	0.013	0.102	0.060	0.059	0.027	0.012	0.002	0.057	0.059	0.008	0.009	0.216	0.003	0.012	2	0.00	0.98	0
235	0.069	0.000	0.035	0.071	0.016	0.004	0.005	0.029	0.033	0.086	0.029	0.007	0.002	0.025	0.020	0.005	0.006	0.011	0.015	0.005	2	0.00	0.96	0
236	1.423	0.005	0.015	0.065	0.017	0.020	0.005	0.011	0.073	0.097	0.022	0.017	0.006	0.038	0.022	0.025	0.033	0.033	0.000	0.018	2	0.00	0.96	0
237	0.944	0.040	0.006	0.032	0.013	0.013	0.009	0.009	0.030	0.016	0.015	0.036	0.002	0.024	0.029	0.100	0.114	0.109	0.002	0.006	2	0.00	0.96	0
238	0.031	0.001	0.036	0.123	0.011	0.003	0.026	0.015	0.052	0.046	0.038	0.020	0.000	0.106	0.121	0.014	0.008	0.018	0.006	0.017	2	0.00	0.96	0
239	0.036	0.003	0.019	0.051	0.027	0.005	0.019	0.045	0.072	0.074	0.018	0.054	0.000	0.045	0.283	0.006	0.015	0.019	0.006	0.023	2	0.00	0.96	0
240	0.199	0.011	0.024	0.036	0.030	0.011	0.014	0.021	0.030	0.020	0.018	0.010	0.000	0.018	0.028	0.030	0.009	0.026	0.012	0.041	2	0.00	0.98	0
241	0.049	0.000	0.222	0.067	0.020	0.008	0.027	0.014	0.008	0.091	0.023	0.024	0.002	0.065	0.092	0.015	0.016	0.010	0.002	0.010	2	0.00	0.98	0
242	0.047	0.003	0.024	0.024	0.107	0.051	0.015	0.006	0.017	0.054	0.009	0.016	0.003	0.036	0.044	0.010	0.012	0.010	0.028	0.069	2	0.00	0.98	0
243	0.011	0.006	0.006	0.040	0.130	0.006	0.045	0.085	0.006	0.306	0.020	0.011	0.000	0.031	0.023	0.009	0.011	0.060	0.045	0.139	2	0.00	0.22	0
244	0.043	0.008	0.014	0.026	0.293	0.021	0.045	0.035	0.003	0.089	0.080	0.035	0.001	0.041	0.007	0.077	0.026	0.025	0.096	0.107	2	0.00	0.90	0
245	0.036	0.010	0.011	0.040	0.120	0.010	0.044	0.067	0.008	0.171	0.019	0.587	0.000	0.025	0.010	0.032	0.042	0.059	0.002	0.065	2	0.00	0.45	0
246	0.097	0.004	0.061	0.034	0.002	0.686	0.025	0.007	0.004	0.016	0.000	0.022	0.013	0.047	0.484	0.043	0.020	0.007	0.016	0.002	2	0.00	0.45	0
247	0.107	0.009	0.004	0.004	0.107	0.031	0.004	0.201	0.000	0.340	0.072	0.004	0.004	0.076	0.054	0.027	0.031	0.179	1.884	0.027	2	0.00	0.45	0
248	0.024	0.107	0.005	0.002	1.305	0.003	0.027	0.082	0.003	0.092	0.037	0.003	0.006	0.018	0.003	0.026	0.024	0.075	0.150	0.418	2	0.00	0.99	0
249	0.128	0.007	0.001	0.005	0.022	0.046	0.003	0.062	0.000	0.357	0.083	0.011	0.017	0.002	0.000	0.063	0.065	0.027	0.002	0.016	2	0.00	1.00	0
250	0.009	0.003	1.606	0.241	0.003	0.058	0.159	0.001	0.031	0.010	0.004	0.093	0.024	0.028	0.028	0.034	0.021	0.006	0.001	0.006	2	0.00	1.00	0
251	0.159	0.005	0.000	0.004	0.016	0.047	0.000	0.071	0.002	0.036	0.034	0.000	0.972	0.006	0.020	0.021	0.036	0.475	0.004	0.012	2	0.00	0.98	0
252	0.077	0.008	0.001	0.001	0.028	0.001	0.053	0.187	0.000	0.190	0.072	0.002	0.001	0.150	0.000	0.030	0.028	0.131	0.001	0.033	2	0.00	0.99	0
253	0.080	0.050	0.000	0.003	0.140	0.003	0.010	0.068	0.006	0.138	0.026	0.007	0.000	0.003	0.011	0.019	0.068	0.254	0.008	0.068	2	0.00	0.96	0
254	0.009	0.003	0.018	0.016	0.066	0.039	0.034	0.008	0.125	0.065	0.003	0.039	0.001	0.008	0.201	0.035	0.043	0.007	0.006	0.051	2	0.00	0.97	0
255	0.034	0.002	0.000	0.004	0.000	3.037	0.009	0.004	0.045	0.019	0.013	0.009	0.000	0.013	0.062	0.011	0.000	0.004	0.002	0.002	2	0.00	0.96	0
256	0.052	0.007	0.127	0.135	0.003	0.035	0.041	0.004	0.069	0.001	0.001	0.023	0.000	0.023	0.081	0.032	0.025	0.011	0.000	0.051	2	0.00	0.96	0
257	0.003	0.000	0.003	0.000	0.291	0.005	0.008	0.087	0.005	0.075	0.013	0.008	0.010	0.003	0.023	0.013	0.000	0.041	0.023	3.299	2	0.00	0.96	0
258	0.027	0.000	0.036	0.002	0.000	0.007	0.010	0.002	0.000	0.002	0.005	0.102	3.018	0.005	0.005	0.162	0.080	0.000	0.000	0.000	2	0.00	0.90	0
259	0.059	0.001	0.034	0.059	0.004	0.016	0.005	0.005	0.026	0.006	0.002	0.018	0.029	0.032	0.013	0.037	0.014	0.011	0.001	0.009	2	0.00	0.95	0
260	0.023	0.002	0.079	0.079	0.030	0.010	0.009	0.029	0.015	0.037	0.004	0.009	0.008	0.002	0.012	0.062	0.026	0.043	0.014	0.117	2	0.00	0.95	0
261	0.157	0.010	0.008	0.009	0.039	0.028	0.001	0.083	0.026	0.242	0.381	0.005	0.005	0.008	0.003	0.019	0.049	0.138	0.003	0.034	2	0.00	0.93	0
262	0.019	0.002	0.010	0.020	0.016	0.004	0.006	0.043	0.101	0.118	0.017	0.015	0.002	0.020	0.082	0.005	0.013	0.053	0.020	0.007	2	0.00	0.94	0
263	0.097	0.001	0.063	0.121	0.002	0.008	0.009	0.002	0.120	0.009	0.002	0.040	0.010	0.028	0.114	0.055	0.022	0.004	0.001	0.007	2	0.00	0.92	0
264	0.055	0.000	0.122	0.016	0.019	0.045	0.016	0.041	0.014	0.073	0.003	0.005	0.006	0.006	0.030	0.003	0.016	0.028	0.025	0.009	2	0.00	0.21	0
265	0.089	0.005	0.005	0.005	0.139	0.000	0.005	0.039	0.005	0.249	0.032	0.000	0.029	0.018	0.005	0.011	0.084	0.055	0.018	0.097	2	0.00	0.21	0
266	0.079	0.000	0.017	0.038	0.001	0.032	0.007	0.014	0.025	0.012	0.009	0.014	0.021	0.030	0.061	0.017	0.009	0.011	0.003	0.002	2	0.00	0.26	0
267	0.030	0.002	0.031	0.012	0.001	0.008	0.021	0.046	0.021	0.035	0.004	0.011	0.008	0.010	0.012	0.014	0.004	0.035	0.000	0.009	2	0.00	0.25	0
268	0.042	0.001	0.009	0.035	0.011	0.004	0.006	0.012	0.027	0.065	0.030	0.024	0.001	0.016	0.025	0.004	0.006	0.030	0.011	0.010	2	0.00	0.21	0
269	0.031	0.000	0.035	0.102	0.013	0.172	0.018	0.009	0.013	0.075	0.022	0.027	0.018	0.248	0.004	0.004	0.022	0.057	0.000	0.018	2	0.00	0.13	0
270	0.045	0.000	0.025	0.039	0.011	0.258	0.014	0.028	0.003	0.017	0.003	0.036	0.048	0.011	0.008	0.031	0.098	0.045	0.011	0.008	2	0.00	0.17	0
271	0.012	0.000	0.007	0.010	0.016	0.010	0.011	0.060	0.016	0.104	0.005	0.045	0.052	0.006	0.035	0.019	0.031	0.014	0.041	0.025	2	0.00	0.26	0
272	0.085	0.004	0.026	0.022	0.014	0.020	0.004	0.022	0.012	0.109	0.004	0.006	0.095	0.010	0.012	0.022	0.036	0.308	0.002	0.010	2	0.00	0.26	0
273	0.070	0.000	0.045	0.216	0.002	0.017	0.005	0.004	0.177	0.020	0.004	0.018	0.453	0.048	0.067	0.058	0.016	0.009	0.001	0.002	2	0.00	0.87	0
274	0.027	0.002	0.035	0.121	0.029	0.005	0.012	0.006	0.098	0.014	0.002	0.021	0.008	0.027	0.071	0.025	0.020	0.025	0.002	0.012	2	0.00	0.88	0
275	0.023	0.010	0.010	0.006	0.438	0.016	0.007	0.329	0.025	0.054	0.148	0.003	0.007	0.004	0.017	0.015	0.053	0.200	0.011	0.047	2	0.00	0.91	0
276	0.030	0.004	0.020	0.144	0.004	0.013	0.020	0.003	0.044	0.053	0.004	0.015	0.012	0.076	0.063	0.097	0.312	0.006	0.012	0.005	2	0.00	0.92	0
277	0.096	0.003	0.173	0.224	0.003	0.005	0.004	0.009	0.079	0.012	0.002	0.017	0.214	0.038	0.022	0.030	0.027	0.014	0.002	0.004	2	0.00	0.96	0
278	0.062	0.002	0.120	0.486	0.003	0.438	0.005	0.004	0.048	0.005	0.002	0.036	0.011	0.051	0.018	0.043	0.012	0.006	0.002	0.007	2	0.00	0.94	0
279	0.012	0.000	1.668	0.631	0.000	0.010	0.010	0.000	0.016	0.007	0.003	0.005	0.009	0.191	0.009	0.007	0.007	0.017	0.007	0.005	2	0.00	0.95	0
280	0.038	0.000	0.017	0.054	0.021	0.001	0.002	0.029	0.058	0.180	0.062	0.002	0.004	0.014	0.033	0.053	0.009	0.018	0.002	0.009	2	0.00	0.95	0
281	0.186	0.001	0.096	0.313	0.001	0.016	0.004	0.007	0.148	0.016	0.005	0.019	0.007	0.068	0.046	0.022	0.018	0.013	0.001	0.002	2	0.00	0.98	0
282	0.035	0.004	0.029	0.019	0.020	0.003	0.003	0.212	0.024	0.208	0.031	0.007	0.001	0.016	0.017	0.012	0.056	0.067	0.002	0.016	2	0.00	0.92	0
283	0.012	0.007	0.000	0.000	0.049	0.001	0.000	0.762	0.000	0.809	0.077	0.011	0.000	0.003	0.001	0.003	0.008	0.199	0.000	0.000	2	0.00	0.92	0
284	0.142	0.011	0.032	0.022	0.005	0.031	0.027	0.005	0.382	0.017	0.006	0.021	0.004	0.049	0.155	0.101	0.021	0.009	0.000	0.007	2	0.00	0.99	0
285	0.086	0.003	0.028	0.124	0.009	0.201	0.013	0.002	0.056	0.005	0.001	0.067	0.000	0.119	0.025	0.037	0.032	0.008	0.000	0.003	2	0.00	0.90	0
286	0.098	0.009	0.030	0.016	0.000	0.021	0.002	0.005	0.060	0.002	0.000	0.014	0.657	0.007	0.032	0.593	0.151	0.000	0.000	0.039	2	0.00	0.48	0
287	0.063	0.025	0.000	0.002	0.054	0.005	0.003	0.112	0.001	0.146	0.014	0.028	0.042	0.005	0.002	0.061	0.017	0.265	0.001	0.028	2	0.00	0.95	0
288	0.010	0.007	3.632	0.038	0.000	0.014	0.005	0.010	0.000	0.014	0.000	0.012	0.010	0.017	0.000	0.005	0.019	0.010	0.000	0.000	2	0.00	1.00	0
289	0.024	0.011	0.000	0.006	1.902	0.018	0.000	0.055	0.000	0.117	0.053	0.002	0.000	0.004	0.002	0.006	0.011	0.081	0.158	0.463	2	0.00	1.00	0
290	0.009	0.008	0.000	0.000	0.171	0.000	0.005	0.520	0.000	0.552	0.049	0.002	0.000	0.000	0.000	0.000	0.002	0.214	0.014	0.102	2	0.00	1.00	0
291	0.248	0.010	0.000	0.000	0.000	1.884	0.000	0.000	0.000	0.003	0.024	0.000	0.000	0.002	0.000	0.322	0.078	0.000	0.000	0.000	2	0.00	1.00	0
292	0.005	0.009	0.000	0.000	0.424	0.000	0.003	0.388	0.000	0.363	0.070	0.013	0.000	0.013	0.000	0.000	0.006	0.380	0.001	0.015	2	0.00	1.00	0
293	0.000	0.002	0.098	0.000	0.000	0.000	0.002	0.021	0.000	0.000	0.000	2.018	0.000	0.117	0.000	0.786	0.013	0.000	0.000	0.000	2	0.00	1.00	0
294	0.034	0.038	0.000	0.000	0.104	0.008	0.434	0.062	0.000	0.038	0.008	0.080	0.008	0.036	0.000	0.040	0.064	0.030	0.002	2.200	2	0.00	1.00	0
295	0.000	0.000	0.000	0.000	0.000	0.000	0.000	0.000	0.000	0.000	0.000	0.000	0.000	0.000	0.000	0.000	0.000	0.000	0.000	5.039	2	0.00	1.00	0
296	0.055	0.010	0.005	0.011	0.044	0.022	0.025	0.006	0.007	0.014	0.138	0.053	0.005	0.076	0.049	0.173	0.292	0.016	0.003	0.035	2	0.00	1.00	0
297	0.088	0.010	0.006	0.009	0.000	0.074	0.000	0.005	0.004	0.000	0.003	0.007	0.229	0.003	0.255	0.584	0.259	0.008	0.000	0.000	2	0.00	0.99	0
298	0.021	0.003	0.005	0.009	0.018	0.011	0.013	0.011	0.010	0.018	0.012	0.034	0.002	0.012	0.042	0.035	0.029	0.015	0.001	0.017	2	0.00	0.90	0
299	0.040	0.082	0.003	0.001	0.060	0.005	0.011	0.050	0.013	0.097	0.014	0.007	0.000	0.003	0.105	0.011	0.129	0.170	0.009	0.152	2	0.00	0.90	0
300	0.226	0.010	0.004	0.031	0.014	0.007	0.009	0.162	0.005	0.037	0.023	0.007	0.001	0.010	0.027	0.032	0.069	0.561	0.000	0.030	2	0.00	0.89	0
301	0.117	0.004	0.011	0.032	0.007	0.019	0.002	0.006	0.201	0.008	0.007	0.013	0.001	0.071	0.125	0.106	0.070	0.011	0.001	0.019	2	0.00	0.55	0
302	0.193	0.000	0.076	0.018	0.023	0.047	0.044	0.003	0.012	0.018	0.006	0.009	0.085	0.021	0.009	0.067	0.012	0.006	0.012	0.059	2	0.00	0.15	0
303	0.116	0.003	0.223	0.026	0.009	0.051	0.053	0.001	0.032	0.008	0.005	0.096	0.023	0.019	0.030	0.048	0.026	0.013	0.003	0.010	2	0.00	0.39	0
304	0.126	0.025	0.046	0.027	0.001	0.036	0.006	0.017	0.013	0.013	0.002	0.038	0.080	0.014	0.013	0.027	0.016	0.025	0.001	0.003	2	0.00	0.48	0
305	0.045	0.001	0.036	0.055	0.001	0.038	0.010	0.006	0.044	0.005	0.002	0.014	0.037	0.011	0.020	0.088	0.049	0.006	0.002	0.002	2	0.00	0.75	0
306	0.033	0.002	0.046	0.044	0.007	0.047	0.027	0.007	0.012	0.008	0.005	0.015	0.043	0.011	0.005	0.030	0.020	0.010	0.005	0.002	2	0.00	0.23	0
307	0.041	0.000	0.012	0.017	0.020	0.025	0.010	0.005	0.009	0.012	0.004	0.012	0.026	0.004	0.010	0.023	0.011	0.006	0.013	0.015	2	0.00	0.32	0
308	0.043	0.000	0.075	0.032	0.112	0.107	0.005	0.043	0.011	0.112	0.016	0.005	0.149	0.000	0.027	0.032	0.027	0.016	0.229	0.032	2	0.00	0.13	0
309	0.042	0.012	0.000	0.006	0.072	0.006	0.006	0.066	0.006	0.314	0.024	0.018	0.320	0.000	0.018	0.006	0.024	0.175	0.000	0.018	2	0.00	0.12	0
310	0.047	0.009	0.024	0.018	0.009	0.186	0.009	0.021	0.021	0.015	0.009	0.024	0.086	0.032	0.044	0.021	0.009	0.027	0.000	0.003	2	0.00	0.13	0
311	0.012	0.001	0.013	0.023	0.009	0.011	0.006	0.007	0.014	0.007	0.003	0.016	0.005	0.005	0.003	0.014	0.015	0.015	0.001	0.002	2	0.00	0.74	0
312	0.008	0.001	0.004	0.011	0.004	0.004	0.004	0.004	0.006	0.004	0.002	0.003	0.006	0.003	0.006	0.008	0.006	0.009	0.002	0.003	2	0.00	0.72	0
313	0.010	0.001	0.007	0.005	0.007	0.012	0.005	0.006	0.004	0.008	0.001	0.007	0.005	0.003	0.003	0.006	0.010	0.015	0.001	0.003	2	0.00	0.73	0
314	0.016	0.001	0.010	0.012	0.016	0.005	0.007	0.010	0.011	0.017	0.018	0.004	0.013	0.013	0.009	0.011	0.012	0.023	0.001	0.000	2	0.00	0.62	0
315	0.021	0.001	0.023	0.043	0.007	0.009	0.004	0.014	0.022	0.016	0.004	0.017	0.063	0.011	0.016	0.019	0.009	0.014	0.001	0.006	2	0.00	0.41	0
316	0.013	0.000	0.010	0.009	0.003	0.011	0.003	0.004	0.010	0.006	0.002	0.005	0.014	0.007	0.008	0.012	0.007	0.005	0.005	0.003	2	0.00	0.53	0
317	0.013	0.002	0.020	0.014	0.023	0.068	0.011	0.006	0.008	0.019	0.002	0.013	0.015	0.012	0.018	0.017	0.014	0.009	0.003	0.023	2	0.00	0.56	0
318	0.022	0.001	0.051	0.031	0.008	0.022	0.005	0.005	0.011	0.026	0.003	0.009	0.008	0.007	0.011	0.008	0.010	0.019	0.001	0.016	2	0.00	0.50	0
319	0.029	0.003	0.022	0.047	0.010	0.108	0.009	0.013	0.015	0.016	0.009	0.016	0.137	0.010	0.018	0.049	0.028	0.018	0.001	0.010	2	0.00	0.82	0
320	0.012	0.005	0.001	0.030	0.004	0.016	0.055	0.015	0.098	0.038	0.010	0.004	0.005	0.040	0.123	0.027	0.061	0.057	0.005	0.029	2	0.00	0.32	0
321	0.164	0.013	0.017	0.013	0.008	0.067	0.013	0.017	0.017	0.029	0.063	0.021	0.017	0.000	0.004	0.282	1.434	0.013	0.000	0.004	2	0.00	0.33	0
322	0.082	0.000	0.098	0.097	0.005	0.041	0.009	0.004	0.116	0.007	0.003	0.010	0.038	0.045	0.027	0.019	0.027	0.007	0.001	0.004	2	0.00	0.86	0
323	0.098	0.003	0.004	0.023	0.042	0.008	0.002	0.044	0.049	0.036	0.189	0.010	0.006	0.018	0.025	0.142	0.081	0.030	0.001	0.027	2	0.00	0.95	0
324	0.020	0.001	0.090	0.026	0.019	0.260	0.009	0.009	0.016	0.004	0.001	0.149	0.042	0.004	0.002	0.285	0.159	0.005	0.000	0.010	2	0.00	0.95	0
325	0.055	0.010	0.036	0.061	0.048	0.074	0.006	0.042	0.013	0.013	0.042	0.032	0.006	0.006	0.065	0.026	0.045	0.010	4.293	0.129	2	0.00	0.98	0
326	0.048	0.003	0.009	0.211	0.025	0.015	0.018	0.013	0.023	0.012	0.003	0.026	0.100	0.150	0.028	0.028	0.038	0.010	0.001	0.069	2	0.00	0.92	0
327	0.030	0.001	0.011	0.008	0.021	0.014	0.003	1.217	0.008	0.056	0.020	0.023	0.035	0.015	0.006	0.044	0.039	0.504	0.000	0.007	2	0.00	0.92	0
328	0.050	0.022	0.660	0.030	0.040	0.013	0.039	0.006	0.005	0.010	0.008	0.023	0.000	0.030	0.015	0.023	0.072	0.203	0.011	0.514	2	0.00	0.98	0
329	0.148	0.000	0.005	0.121	0.007	0.021	0.007	0.002	0.000	0.005	0.000	0.000	3.253	0.002	0.000	0.030	0.012	0.002	0.000	0.002	2	0.00	0.98	0
330	0.016	0.000	0.045	0.108	0.007	0.006	0.005	0.028	0.063	0.034	0.007	0.007	0.021	0.062	0.021	0.013	0.021	0.047	0.045	0.005	2	0.00	0.99	0
331	0.246	0.041	0.008	0.008	0.003	2.028	0.005	0.021	0.003	0.008	0.003	0.002	0.000	0.010	0.003	0.117	0.024	0.024	0.005	0.015	2	0.00	1.00	0
332	0.005	0.008	0.000	0.000	0.283	0.000	0.001	0.307	0.000	1.184	0.140	0.000	0.000	0.000	0.000	0.000	0.005	0.043	0.008	0.031	2	0.00	1.00	0
333	0.024	0.004	0.001	0.098	0.021	0.043	0.048	0.010	0.045	0.042	0.003	0.011	0.003	0.043	0.771	0.023	0.115	0.020	0.002	0.401	2	0.00	0.98	0
334	0.018	0.001	0.139	0.071	0.009	0.013	0.018	0.076	0.082	0.025	0.004	0.029	0.000	0.013	0.031	0.013	0.015	0.021	0.024	0.088	2	0.00	0.99	0
335	0.089	0.011	0.001	0.008	0.022	0.027	0.005	0.087	0.002	0.195	0.042	0.001	0.000	0.008	0.000	0.044	0.094	0.090	0.000	0.012	2	0.00	1.00	0
336	0.101	0.037	0.000	0.000	0.011	0.015	0.000	0.137	0.000	1.386	0.132	0.000	0.034	0.000	0.000	0.009	0.010	0.100	0.000	0.002	2	0.00	1.00	0
337	0.010	0.004	0.012	0.040	0.001	0.008	0.016	0.050	0.091	0.092	0.057	0.252	0.000	0.019	0.117	0.016	0.069	0.060	0.000	0.002	2	0.00	1.00	0
338	0.016	0.002	0.057	0.102	0.023	0.011	0.039	0.011	0.054	0.025	0.018	0.046	0.001	0.050	0.151	0.018	0.030	0.012	0.095	0.149	2	0.00	0.99	0
339	0.040	0.011	0.001	0.008	0.090	0.000	0.000	0.330	0.000	0.477	0.074	0.002	0.000	0.006	0.003	0.003	0.053	0.186	0.001	0.044	2	0.00	1.00	0
340	0.094	0.002	0.027	0.010	0.006	0.011	0.103	0.001	0.293	0.005	0.002	0.056	0.001	0.050	0.109	0.084	0.069	0.003	0.084	0.369	2	0.00	0.98	0
341	0.052	0.000	0.305	0.211	0.003	0.022	0.021	0.005	0.070	0.009	0.003	0.073	0.001	0.056	0.104	0.044	0.032	0.007	0.001	0.005	2	0.00	1.00	0
342	0.026	0.003	0.093	0.129	0.006	0.004	0.043	0.013	0.125	0.040	0.005	0.093	0.002	0.034	0.690	0.022	0.062	0.018	0.001	0.015	2	0.00	0.99	0
343	0.030	0.017	0.007	0.007	0.183	0.012	0.049	0.012	0.015	0.027	0.002	0.010	0.015	0.005	0.002	0.017	0.064	0.012	0.089	3.319	2	0.00	0.99	0
344	0.040	0.002	0.084	0.011	0.000	0.445	0.038	0.002	0.046	0.002	0.000	0.146	0.312	0.024	0.038	0.027	0.080	0.004	0.000	0.004	2	0.00	0.37	0
345	0.070	0.000	0.163	0.047	0.012	0.302	0.000	0.000	0.047	0.023	0.000	0.035	0.128	0.023	0.058	0.023	0.035	0.000	0.000	0.000	2	0.00	0.05	0
346	0.032	0.001	0.088	0.065	0.001	0.190	0.076	0.002	0.068	0.008	0.002	0.274	0.039	0.193	0.075	0.011	0.008	0.006	0.001	0.002	2	0.00	0.93	0
347	0.011	0.002	0.018	0.003	0.003	0.013	0.004	0.126	0.130	0.209	0.013	0.101	0.022	0.004	0.015	0.014	0.023	0.062	0.001	0.013	2	0.00	0.88	0
348	0.039	0.000	0.025	0.081	0.003	0.024	0.007	0.042	0.155	0.086	0.017	0.015	1.931	0.013	0.040	0.005	0.032	0.051	0.003	0.012	2	0.00	0.96	0
349	0.002	0.035	0.000	0.001	0.026	0.000	0.000	0.656	0.000	0.618	0.105	0.000	0.001	0.007	0.000	0.006	0.003	0.278	0.085	0.002	2	0.00	0.99	0
350	0.013	0.001	0.000	0.001	0.655	0.001	0.009	0.208	0.000	0.183	0.248	0.000	0.000	0.006	0.006	0.004	0.010	0.074	0.033	0.812	2	0.00	1.00	0
351	0.002	0.003	0.003	0.000	0.002	0.000	0.019	1.822	0.000	0.091	0.002	0.000	0.030	0.000	0.000	0.000	0.000	0.798	0.000	0.002	2	0.00	1.00	0
352	0.086	0.007	0.000	0.000	0.001	0.004	0.039	0.032	0.004	0.031	0.018	0.003	0.000	0.013	0.000	0.197	1.293	0.501	0.000	0.000	2	0.00	1.00	0
353	0.000	0.000	0.000	3.903	0.000	0.000	0.000	0.000	0.000	0.000	0.000	0.000	0.000	0.000	0.000	0.000	0.000	0.000	0.000	0.000	2	0.00	1.00	0
354	0.010	0.020	0.003	0.000	0.036	0.010	0.033	0.005	0.000	0.005	0.000	3.752	0.000	0.000	0.003	0.069	0.081	0.000	0.000	0.003	2	0.00	1.00	0
355	0.014	0.005	0.000	0.000	0.000	3.640	0.007	0.000	0.000	0.000	0.000	0.026	0.000	0.000	0.000	0.007	0.002	0.000	0.000	0.000	2	0.00	1.00	0
356	0.188	0.076	0.001	0.001	0.053	0.003	0.001	0.523	0.001	0.044	0.107	0.002	0.000	0.001	0.007	0.029	0.044	0.305	0.009	0.047	2	0.00	0.96	0
357	0.668	0.043	0.148	0.003	0.010	0.108	0.002	0.007	0.002	0.003	0.009	0.028	0.071	0.002	0.002	0.306	0.017	0.023	0.000	0.003	2	0.00	0.53	0
358	0.073	0.058	0.036	0.040	0.382	0.036	0.004	0.011	0.015	0.015	0.073	0.051	0.007	0.011	0.018	0.098	0.051	0.015	0.029	0.335	2	0.00	0.23	0
359	0.105	0.005	0.205	0.073	0.005	0.010	0.046	0.005	0.039	0.012	0.002	0.076	0.137	0.020	0.022	0.020	0.017	0.017	0.000	0.017	2	0.00	0.21	0
360	0.039	0.033	1.189	0.318	0.003	0.015	0.006	0.018	0.003	0.027	0.024	0.018	0.018	0.093	0.003	0.048	0.093	0.036	0.009	0.000	2	0.00	0.42	0
361	0.021	0.000	0.023	0.055	0.006	0.013	0.008	0.006	0.046	0.010	0.003	0.006	0.045	0.018	0.013	0.016	0.024	0.061	0.010	0.008	2	0.00	0.29	0
362	0.028	0.005	0.008	0.011	0.006	0.008	0.011	0.080	0.012	0.189	0.016	0.005	0.117	0.012	0.025	0.023	0.016	0.162	0.006	0.005	2	0.00	0.30	0
363	0.116	0.002	0.051	0.157	0.002	0.034	0.008	0.002	0.013	0.036	0.002	0.021	0.119	0.017	0.015	0.023	0.015	0.053	0.000	0.000	2	0.00	0.20	0
364	0.074	0.000	0.525	0.086	0.006	0.099	0.019	0.003	0.028	0.006	0.000	0.096	0.105	0.031	0.019	0.052	0.065	0.003	0.000	0.012	2	0.00	0.25	0
365	0.068	0.006	0.053	0.062	0.034	0.887	0.009	0.012	0.043	0.053	0.012	0.019	0.025	0.022	0.031	0.025	0.028	0.043	0.000	0.025	2	0.00	0.30	0
366	0.019	0.002	0.024	0.065	0.017	0.028	0.008	0.006	0.037	0.005	0.002	0.012	0.010	0.021	0.039	0.026	0.019	0.012	0.009	0.001	2	0.00	0.42	0
367	0.006	0.012	0.003	0.003	0.020	0.000	0.000	0.196	0.015	0.512	0.012	0.000	0.000	0.023	0.050	0.003	0.032	0.869	0.000	0.015	2	0.00	0.38	0
368	0.047	0.004	0.167	0.137	0.008	0.005	0.310	0.032	0.066	0.027	0.011	0.167	0.011	0.091	0.036	0.022	0.008	0.018	0.003	0.018	2	0.00	0.97	0
369	0.014	0.000	3.342	0.034	0.000	0.009	0.011	0.007	0.032	0.002	0.002	0.073	0.005	0.009	0.030	0.014	0.018	0.005	0.000	0.000	2	0.00	1.00	0
370	0.035	0.000	0.267	0.054	0.007	0.023	0.018	0.012	0.015	0.023	0.003	0.023	0.100	0.050	0.010	0.045	0.102	0.028	0.003	0.013	2	0.00	0.92	0
371	0.045	0.002	0.216	0.116	0.044	0.041	0.023	0.015	0.053	0.026	0.016	0.034	0.041	0.048	0.046	0.008	0.036	0.008	0.005	0.500	2	0.00	0.98	0
372	0.023	0.003	0.000	0.000	0.000	0.000	0.005	0.003	0.010	0.000	0.003	0.003	0.000	0.055	3.857	0.005	0.003	0.000	0.000	0.000	2	0.00	1.00	0
373	0.048	0.024	0.000	0.016	0.000	0.013	0.003	1.260	0.016	0.082	0.024	0.003	0.057	0.024	0.019	0.038	0.068	0.297	0.009	0.000	2	0.00	1.00	0
374	0.121	0.004	0.297	0.148	0.003	0.014	0.017	0.001	0.045	0.012	0.009	0.051	0.002	0.052	0.054	0.047	0.019	0.009	0.012	0.017	2	0.00	1.00	0
375	0.007	0.007	0.002	0.000	0.824	0.000	0.042	0.009	0.000	0.033	0.007	0.005	0.002	0.005	0.000	0.012	0.000	0.014	0.061	2.707	2	0.00	1.00	0
376	0.001	0.003	0.000	0.000	0.144	0.001	0.101	0.246	0.000	0.880	0.092	0.000	0.000	0.001	0.000	0.001	0.014	0.055	0.001	0.211	2	0.00	1.00	0
377	0.055	0.003	0.052	0.054	0.002	0.009	0.046	0.011	0.150	0.008	0.004	0.043	0.003	0.093	0.251	0.042	0.022	0.019	0.004	0.019	2	0.00	1.00	0
378	0.081	0.001	0.118	0.098	0.000	0.054	0.006	0.002	0.058	0.012	0.002	0.026	0.000	0.061	0.054	0.073	0.022	0.005	0.000	0.001	2	0.00	1.00	0
379	0.094	0.014	0.000	0.014	0.046	0.005	2.710	0.007	0.002	0.012	0.007	0.027	0.000	0.024	0.000	0.041	0.048	0.007	0.000	0.764	2	0.00	1.00	0
380	0.010	0.002	0.000	0.000	0.085	0.001	0.000	0.633	0.000	0.997	0.042	0.002	0.000	0.001	0.000	0.001	0.020	0.137	0.020	0.002	2	0.00	1.00	0
381	0.039	0.001	0.019	0.059	0.003	0.017	0.006	0.010	0.043	0.016	0.002	0.019	0.000	0.027	0.031	0.018	0.020	0.008	0.001	0.017	2	0.00	1.00	0
382	0.480	0.006	0.001	0.174	0.018	0.030	0.008	0.006	0.009	0.007	0.010	0.053	0.000	0.254	0.007	0.080	0.009	0.024	0.075	0.061	2	0.00	1.00	0
383	0.137	0.060	0.000	0.000	0.005	0.002	0.000	0.161	0.000	0.452	0.401	0.000	0.000	0.000	0.000	0.004	0.040	0.449	0.000	0.001	2	0.00	1.00	0
384	0.068	0.002	0.010	0.037	0.005	0.026	0.094	0.010	0.108	0.128	0.009	0.018	0.000	0.052	0.052	0.029	0.003	0.007	0.004	0.015	2	0.00	1.00	0
385	0.062	0.000	0.110	0.160	0.001	0.005	0.008	0.007	0.219	0.055	0.004	0.027	0.002	0.064	0.163	0.030	0.017	0.001	0.001	0.002	2	0.00	0.99	0
386	2.465	0.048	0.000	0.000	0.014	0.066	0.000	0.009	0.002	0.052	0.011	0.000	0.000	0.000	0.000	0.120	0.014	0.027	0.000	0.000	2	0.00	0.99	0
387	0.028	0.007	0.000	0.001	0.005	0.000	0.004	1.035	0.041	0.152	0.135	0.005	0.000	0.007	0.089	0.012	0.026	0.343	0.000	0.011	2	0.00	0.98	0
388	0.093	0.001	0.072	0.139	0.003	0.010	0.013	0.010	0.057	0.012	0.001	0.035	0.000	0.042	0.070	0.021	0.020	0.019	0.002	0.009	2	0.00	0.89	0
389	0.153	0.003	0.897	0.358	0.002	0.015	0.016	0.006	0.045	0.020	0.006	0.079	0.006	0.079	0.037	0.025	0.006	0.002	0.000	0.009	2	0.00	0.99	0
390	0.010	0.002	0.025	0.023	0.006	3.025	0.021	0.000	0.064	0.002	0.000	0.041	0.002	0.015	0.008	0.017	0.000	0.002	0.000	0.002	2	0.00	0.99	0
391	0.326	0.120	0.000	0.000	0.006	0.009	0.006	0.172	0.000	0.048	0.014	0.001	0.001	0.001	0.001	0.132	0.006	0.979	0.001	0.020	2	0.00	0.99	0
392	0.016	0.001	0.670	0.193	0.000	0.002	0.021	0.002	0.072	0.000	0.000	0.449	0.283	0.031	0.034	0.016	0.008	0.013	0.000	0.000	2	0.00	0.99	0
393	0.009	0.171	0.000	0.001	0.007	0.000	0.001	0.233	0.000	0.576	0.030	0.000	0.001	0.000	0.000	0.001	0.013	1.044	0.000	0.000	2	0.00	0.99	0
394	0.023	0.001	0.009	0.023	0.055	0.008	0.009	0.147	0.173	0.085	0.108	0.007	0.000	0.036	0.243	0.010	0.021	0.023	0.006	0.002	2	0.00	0.99	0
395	0.098	0.000	0.002	0.004	0.000	3.131	0.000	0.002	0.002	0.004	0.002	0.000	0.000	0.004	0.025	0.062	0.004	0.008	0.000	0.000	2	0.00	0.99	0
396	0.026	0.011	0.000	0.000	0.177	0.000	0.020	0.006	0.000	0.011	0.003	0.003	0.000	0.000	0.000	0.006	0.006	0.029	0.006	4.197	2	0.00	0.99	0
397	0.010	0.085	0.000	0.001	0.682	0.000	0.104	0.031	0.000	0.182	0.080	0.035	0.000	0.005	0.000	0.020	0.504	0.013	0.001	0.134	2	0.00	0.99	0
398	0.203	0.016	0.000	0.002	0.001	0.015	0.051	0.024	0.000	0.068	0.045	0.002	0.100	0.005	0.001	0.044	0.067	0.142	0.019	0.044	2	0.00	0.99	0
399	0.000	0.000	0.000	0.000	0.004	0.000	0.004	0.000	0.000	0.004	0.004	0.000	0.000	0.000	0.000	0.000	0.000	0.012	6.233	0.052	2	0.00	0.99	0
400	0.114	0.016	0.000	0.001	0.000	0.532	0.001	0.000	0.000	0.000	0.000	0.003	0.009	0.001	0.000	1.358	0.248	0.003	0.000	0.000	2	0.00	0.99	0
401	0.079	0.209	0.000	0.000	0.284	0.013	0.001	0.069	0.000	0.741	0.016	0.000	0.167	0.000	0.001	0.012	0.023	0.021	0.005	0.013	2	0.00	0.99	0
402	0.015	0.007	0.000	0.002	0.054	0.000	0.005	0.625	0.000	0.474	0.385	0.001	0.001	0.016	0.000	0.010	0.144	0.069	0.001	0.005	2	0.00	0.99	0
403	0.005	0.000	4.099	0.000	0.000	0.013	0.003	0.000	0.003	0.000	0.003	0.000	0.000	0.000	0.003	0.005	0.000	0.000	0.000	0.000	2	0.00	0.99	0
404	0.010	0.112	0.029	0.001	0.010	0.006	0.000	0.162	0.000	0.530	0.029	1.169	0.001	0.032	0.001	0.024	0.004	0.080	0.000	0.000	2	0.00	0.99	0
405	0.006	0.001	0.001	0.000	0.979	0.000	0.001	0.124	0.000	0.137	0.011	0.004	0.019	0.000	0.000	0.000	0.006	0.532	0.189	0.235	2	0.00	0.99	0
406	0.037	0.000	0.025	1.472	0.000	0.002	0.000	0.002	0.000	0.000	0.000	0.005	0.000	0.002	0.005	1.103	0.007	0.000	0.000	0.002	2	0.00	0.99	0
407	0.621	0.023	0.000	0.007	0.128	0.014	0.002	0.005	0.000	0.086	0.033	0.044	0.037	0.002	0.000	0.114	0.112	0.051	2.383	0.021	2	0.00	0.99	0
408	0.172	0.002	0.019	0.006	0.006	0.103	0.022	0.015	0.013	0.056	0.015	0.017	0.002	0.015	0.016	0.138	0.047	0.012	0.000	0.002	2	0.00	0.99	0
409	0.038	0.003	0.038	0.088	0.032	0.022	0.014	0.002	0.015	0.022	0.010	0.101	0.002	0.025	0.017	0.064	0.162	0.002	0.012	0.035	2	0.00	0.98	0
410	0.228	0.017	0.031	0.019	0.000	2.136	0.002	0.003	0.003	0.009	0.003	0.029	0.000	0.009	0.015	0.145	0.010	0.000	0.002	0.000	2	0.00	0.98	0
411	0.006	0.010	0.002	0.019	0.316	0.002	0.008	0.070	0.004	0.103	0.717	0.004	0.000	0.004	0.010	0.002	0.010	0.031	0.018	1.741	2	0.00	0.99	0
412	0.056	0.002	0.036	0.063	0.000	0.041	0.015	0.004	0.151	0.011	0.001	0.031	0.001	0.022	0.064	0.172	0.118	0.006	0.000	0.002	2	0.00	0.99	0
413	0.028	0.004	0.019	0.071	0.007	0.003	0.007	0.020	0.681	0.017	0.044	0.100	0.083	0.074	0.035	0.065	0.028	0.072	0.001	0.002	2	0.00	0.99	0
414	0.000	0.007	0.004	0.002	0.002	0.009	0.033	0.004	0.176	0.002	0.002	0.007	0.018	0.037	3.047	0.031	0.037	0.000	0.000	0.004	2	0.00	0.98	0
415	0.002	0.007	0.000	0.000	1.840	0.000	0.002	0.009	0.000	0.029	0.025	0.000	0.005	0.000	0.002	0.007	0.000	0.007	0.020	1.610	2	0.00	0.99	0
416	0.000	0.000	0.000	0.000	0.000	3.789	0.000	0.000	0.000	0.002	0.000	0.002	0.002	0.000	0.002	0.002	0.000	0.000	0.002	0.000	2	0.00	0.99	0
417	0.017	0.000	0.000	0.000	0.543	0.000	0.002	0.296	0.000	0.866	0.076	0.001	0.001	0.000	0.000	0.005	0.002	0.090	0.002	0.026	2	0.00	0.99	0
418	0.011	0.014	0.000	0.000	0.095	0.001	0.041	0.675	0.000	0.026	0.005	0.033	0.000	0.017	0.000	0.002	0.060	0.632	0.011	0.244	2	0.00	0.99	0
419	0.081	0.003	0.035	0.127	0.110	0.034	0.377	0.000	0.011	0.006	0.003	0.009	0.000	0.029	0.139	0.080	0.038	0.005	0.028	1.296	2	0.00	0.99	0
420	0.005	0.016	0.005	0.000	0.007	0.000	0.000	0.208	0.002	0.137	0.007	0.018	0.000	0.002	0.002	0.000	0.055	2.389	0.013	0.005	2	0.00	0.99	0
421	0.009	0.000	2.868	0.056	0.000	0.007	0.002	0.000	0.011	0.000	0.000	0.427	0.000	0.004	0.007	0.009	0.007	0.009	0.000	0.000	2	0.00	0.99	0
422	0.026	0.001	0.001	0.008	0.324	0.002	0.018	0.028	0.127	0.135	0.029	0.001	0.024	0.043	0.287	0.006	0.009	0.032	0.003	0.427	2	0.00	0.98	0
423	0.068	0.001	0.341	0.166	0.003	0.020	0.036	0.001	0.084	0.010	0.000	0.104	0.018	0.036	0.017	0.042	0.072	0.006	0.000	0.010	2	0.00	0.88	0
424	0.022	0.001	0.116	0.090	0.018	0.023	0.022	0.003	0.034	0.015	0.005	0.035	0.066	0.078	0.006	0.037	0.197	0.004	0.001	0.014	2	0.00	0.84	0
425	0.008	0.006	0.003	0.033	0.031	0.016	0.012	0.007	0.084	0.218	0.014	0.100	0.004	0.225	0.084	0.041	0.035	0.007	0.001	0.003	2	0.00	0.87	0
426	0.081	0.003	0.031	0.139	0.000	0.004	0.004	0.008	0.306	0.002	0.003	0.047	0.023	0.064	0.097	0.029	0.087	0.031	0.000	0.001	2	0.00	0.95	0
427	0.000	0.003	0.000	0.005	0.003	0.000	0.003	0.005	0.045	0.030	0.000	0.000	0.008	0.010	3.782	0.000	0.005	0.003	0.000	0.008	2	0.00	0.97	0
428	0.009	0.004	0.000	0.012	0.028	0.001	0.035	0.228	0.062	0.033	0.013	0.004	0.000	0.025	0.058	0.096	0.371	0.052	0.002	0.267	2	0.00	0.99	0
429	0.046	0.004	0.003	0.013	0.009	0.002	0.002	0.098	0.274	0.104	0.024	0.002	0.600	0.013	0.152	0.005	0.002	0.066	0.019	0.021	2	0.00	0.99	0
430	0.002	0.000	0.002	0.011	0.000	0.004	0.002	0.000	2.946	0.002	0.002	0.006	0.000	0.004	0.268	0.015	0.072	0.000	0.000	0.013	2	0.00	0.99	0
431	0.098	0.001	0.268	0.046	0.003	0.004	0.008	0.003	0.277	0.067	0.014	0.022	0.060	0.037	0.049	0.036	0.009	0.006	0.000	0.003	2	0.00	0.99	0
432	0.073	0.000	0.000	0.006	0.004	0.041	0.002	0.000	0.022	0.006	0.000	0.004	0.004	0.002	0.004	3.209	0.009	0.013	0.000	0.000	2	0.00	0.99	0
433	0.633	0.003	0.004	0.004	0.582	0.203	0.001	0.001	0.001	0.030	0.008	0.000	0.013	0.007	0.001	0.044	0.018	0.056	0.003	0.154	2	0.00	0.99	0
434	0.053	0.002	0.053	0.048	0.046	0.021	0.076	0.011	0.070	0.084	0.005	0.026	0.002	0.023	0.086	0.024	0.017	0.007	0.007	0.258	2	0.00	0.97	0
435	0.181	0.000	0.011	0.036	0.223	0.008	0.030	0.047	0.014	0.093	0.019	0.008	0.000	0.003	0.036	0.003	0.047	0.190	3.068	0.154	2	0.00	0.96	0
436	0.010	0.002	0.000	0.004	0.634	0.000	0.004	0.060	0.000	0.262	0.058	0.000	0.002	0.002	0.006	0.012	0.026	0.024	0.014	2.015	2	0.00	0.99	0
437	0.175	0.000	0.015	0.016	0.000	0.067	0.008	0.002	0.596	0.004	0.003	0.008	0.000	0.223	0.250	0.111	0.028	0.004	0.000	0.002	2	0.00	0.98	0
438	0.032	0.000	0.132	0.177	0.001	0.030	0.022	0.001	0.259	0.008	0.002	0.106	0.004	0.100	0.079	0.043	0.020	0.001	0.001	0.004	2	0.00	0.88	0
439	0.042	0.012	0.002	0.002	0.413	0.002	0.006	0.165	0.004	0.322	0.058	0.000	0.002	0.000	0.012	0.000	0.052	0.312	0.018	0.016	2	0.00	0.46	0
440	0.068	0.012	0.002	0.004	0.067	0.006	0.001	0.315	0.003	0.387	0.026	0.002	0.001	0.001	0.002	0.004	0.015	0.575	0.012	0.010	2	0.00	0.90	0
441	0.284	0.001	0.026	0.180	0.000	0.018	0.006	0.002	0.131	0.010	0.003	0.022	0.002	0.045	0.141	0.059	0.023	0.012	0.001	0.002	2	0.00	0.76	0
442	0.064	0.004	0.030	0.059	0.004	0.036	0.014	0.006	0.031	0.005	0.001	0.091	0.014	0.033	0.060	0.256	0.211	0.004	0.000	0.003	2	0.00	0.82	0
443	0.046	0.003	0.036	0.035	0.015	0.123	0.105	0.006	0.088	0.021	0.004	0.832	0.005	0.050	0.195	0.038	0.021	0.018	0.004	0.029	2	0.00	0.82	0
444	0.087	0.016	0.005	0.052	0.004	0.706	0.009	0.034	0.056	0.023	0.004	0.049	0.013	0.033	0.094	0.032	0.036	0.029	0.007	0.006	2	0.00	0.80	0
445	0.059	0.004	0.005	0.022	0.094	0.041	0.003	0.077	0.017	0.118	0.005	0.007	0.005	0.005	0.022	0.013	0.009	0.057	0.000	0.005	0	0.00	0.45	0
