amino_acid # A C D E F G H I K L M N P Q R S T V W Y Entropy Low High Weight 1
n 200 31 4 59 25 3 38 18 16 102 31 34 80 618 26 64 152 71 7 2 8 0.8400 0.7718 0.9083 0.8747 2
t 216 62 1 132 225 9 17 14 22 318 28 20 63 44 46 236 96 37 17 1 17 0.4989 0.4489 0.5489 0.8848 3
f 228 57 7 26 15 12 44 14 19 32 48 37 25 34 15 86 96 26 18 0 24 0.1707 0.1133 0.2282 0.3999 4
i 229 36 4 104 30 2 19 22 6 41 33 21 8 30 40 49 122 55 22 0 3 0.3170 0.2546 0.3795 0.4074 5
f 249 0 1 0 0 557 0 1 6 1 85 9 6 0 2 3 3 3 3 3 3 2.3627 2.2618 2.4636 0.4320 6
p 257 10 1 10 3 0 19 1 2 10 1 0 3 455 6 12 17 3 0 0 0 2.0515 1.9275 2.1755 0.3482 7
a 264 62 0 60 78 0 7 6 0 100 5 1 12 81 14 16 30 16 2 0 0 0.6239 0.5524 0.6953 0.3086 8
t 274 11 1 546 56 0 473 35 0 44 5 2 252 9 11 20 41 28 4 4 4 1.1410 1.0836 1.1984 0.9736 9
f 285 2 0 1 1 1509 1 0 8 1 15 9 0 2 0 1 0 2 0 0 2 3.0300 2.9819 3.0780 0.9786 10
m 320 26 2 2 10 38 6 11 140 41 800 79 1 1 9 52 4 56 199 52 29 0.9259 0.8560 0.9959 0.9811 11
w 324 0 1 0 0 439 3 2 16 3 57 11 0 0 0 0 1 0 7 1013 11 2.9666 2.9069 3.0264 0.9849 12
g 325 20 4 1 1 1 1501 0 2 0 0 1 1 1 0 1 23 1 0 0 2 2.3986 2.3491 2.4480 0.9824 13
t 335 398 9 1 2 26 419 2 9 0 7 1 18 2 0 1 162 249 240 7 10 0.8729 0.8282 0.9176 0.9843 14
s 336 1204 1 0 0 0 99 1 2 1 0 0 1 1 1 0 246 2 4 0 0 1.8022 1.7524 1.8520 0.9843 15
t 346 74 6 0 3 1 9 2 101 0 30 11 2 1 13 0 219 949 117 3 0 1.4556 1.3923 1.5189 0.9704 16
s 347 896 2 2 0 0 1 0 0 0 4 0 4 0 0 1 620 7 2 2 0 1.7857 1.7478 1.8236 0.9704 17
s 356 1080 5 6 0 0 108 1 1 2 2 0 3 8 0 1 315 2 5 0 0 1.6515 1.5978 1.7053 0.9691 18
y 357 25 5 2 6 184 3 143 5 0 11 26 264 62 6 0 20 35 10 28 708 1.5580 1.4960 1.6200 0.9717 19
q 402 0 0 1 2 0 1 2 0 4 0 0 1 2 1529 1 1 0 0 0 0 3.1225 3.0864 3.1586 0.9723 20
i 425 71 127 0 1 92 1 4 557 0 65 8 8 0 1 2 71 101 331 6 120 1.0302 0.9779 1.0826 0.9861 21
e 436 1 0 6 1546 0 0 1 0 1 1 0 0 0 1 0 6 1 0 0 0 2.6814 2.6454 2.7174 0.9849 22
g 438 1 7 7 0 0 1499 0 0 0 0 29 9 1 0 2 3 1 0 0 0 2.4222 2.3724 2.4719 0.9817 23
g 439 945 3 18 7 6 344 23 2 3 1 7 50 0 5 22 77 22 3 14 7 1.2925 1.2240 1.3611 0.9817 24
t 440 231 6 13 3 93 10 17 28 7 16 2 12 29 5 6 42 89 165 390 238 1.1695 1.1053 1.2336 0.8829 25
d 443 103 1 231 37 32 47 45 18 118 116 5 401 8 85 64 41 67 7 1 19 0.5599 0.5089 0.6109 0.9106 26
e 445 167 4 30 709 12 47 4 52 104 45 2 7 2 55 21 32 46 111 0 1 0.8724 0.8056 0.9392 0.9137 27
g 446 23 0 817 43 7 378 12 1 16 0 0 20 6 3 4 37 7 1 1 14 1.5851 1.5172 1.6529 0.8753 28
g 448 7 8 63 17 3 1260 5 1 10 1 0 97 13 11 10 16 8 3 0 1 1.8514 1.7778 1.9251 0.9660 29
r 459 29 6 3 3 2 17 4 18 781 5 1 5 44 7 581 8 25 20 0 2 1.5798 1.5177 1.6419 0.9830 30
t 460 40 4 0 20 0 1063 21 3 40 30 1 6 1 28 4 71 93 14 0 1 1.5255 1.4481 1.6029 0.9068 31
p 465 51 0 52 130 6 1 0 57 60 314 46 6 552 26 44 14 12 53 8 6 0.8187 0.7567 0.8806 0.9055 32
s 468 66 39 13 1 0 15 3 8 2 3 3 152 0 1 7 1125 106 24 0 0 1.6343 1.5652 1.7034 0.9874 33
i 469 20 15 87 9 6 10 18 750 2 31 21 122 5 19 15 13 136 271 5 15 1.1149 1.0492 1.1806 0.9887 34
w 470 170 11 4 1 26 2 7 39 1 27 38 2 12 60 5 56 25 70 979 37 2.2425 2.1604 2.3245 0.9899 35
d 471 7 0 1399 22 6 0 8 1 0 1 0 3 0 3 4 15 16 3 59 23 2.4126 2.3444 2.4808 0.9887 36
t 472 97 18 48 65 26 2 51 77 40 85 64 17 5 19 107 11 390 328 5 86 0.5237 0.4715 0.5759 0.9704 37
f 473 46 26 5 17 647 5 5 54 20 150 106 10 2 20 33 16 21 47 160 150 1.1791 1.1129 1.2454 0.9698 38
c 474 151 175 6 81 41 6 5 16 17 63 9 10 129 8 25 242 375 87 0 72 0.6221 0.5715 0.6727 0.9559 39
q 476 87 0 29 70 3 11 136 41 62 27 7 55 1 65 132 24 71 10 1 3 0.5211 0.4661 0.5761 0.5258 40
i 477 30 0 56 102 8 15 27 36 59 17 10 31 27 68 41 17 188 33 1 22 0.3756 0.3147 0.4366 0.4962 41
p 480 51 3 46 47 20 58 33 12 105 11 2 15 468 12 79 90 39 25 2 22 0.7156 0.6440 0.7872 0.7179 42
g 481 26 7 57 54 121 389 94 10 65 16 7 75 12 21 42 27 15 43 20 21 0.5822 0.5130 0.6515 0.7065 43
k 526 79 2 14 20 14 12 17 44 293 37 10 54 9 13 140 6 26 37 5 15 0.6143 0.5356 0.6929 0.5334 44
v 551 9 4 77 35 2 121 5 336 23 11 16 37 2 6 7 18 111 240 0 1 0.8124 0.7483 0.8765 0.6681 45
i 553 151 1 53 34 102 10 47 35 87 104 20 55 25 15 62 35 25 67 15 156 0.2827 0.2359 0.3295 0.6921 46
g 554 10 1 334 32 3 70 11 1 21 3 0 164 1 12 31 5 4 0 1 5 1.2684 1.1779 1.3589 0.4465 47
g 555 30 11 24 9 68 491 35 29 25 10 12 107 1 24 32 12 14 60 29 339 0.9358 0.8665 1.0052 0.8577 48
d 562 43 2 255 73 7 122 74 10 71 55 7 35 379 29 22 283 67 6 0 1 0.6070 0.5585 0.6555 0.9704 49
c 563 38 12 48 5 10 12 26 41 100 7 2 386 146 1 2 244 321 138 0 14 0.7649 0.7171 0.8127 0.9780 50
g 579 97 1 57 61 4 664 243 5 24 41 1 11 24 20 87 16 10 2 1 6 1.0827 1.0112 1.1543 0.8659 51
d 580 55 0 590 187 8 8 30 33 78 22 5 78 25 39 55 24 62 56 10 11 0.7979 0.7304 0.8654 0.8665 52
v 592 4 0 14 7 5 0 4 136 7 24 10 1 15 9 17 2 29 423 0 1 1.3429 1.2402 1.4455 0.4458 53
a 595 1145 10 0 4 1 225 0 4 3 9 0 0 1 0 4 58 106 6 0 2 1.5861 1.5255 1.6466 0.9937 54
c 597 126 434 74 4 0 4 1 350 0 6 4 49 14 2 1 202 91 217 0 0 1.1835 1.1337 1.2333 0.9943 55
d 603 6 0 1304 36 1 51 0 0 13 6 2 98 1 17 14 5 18 1 2 4 2.1126 2.0421 2.1830 0.9943 56
h 607 7 1 1 27 588 34 522 4 0 10 29 17 0 85 1 192 14 7 8 32 1.6596 1.5993 1.7198 0.9943 57
f 608 2 2 0 3 58 0 9 14 0 17 3 0 0 1 16 1 3 7 65 1378 2.8092 2.7421 2.8763 0.9943 58
h 609 8 0 44 63 4 16 1089 3 30 8 1 164 0 15 49 19 20 2 1 42 2.2555 2.1798 2.3312 0.9937 59
h 611 2 5 19 4 6 1 250 2 113 141 10 69 0 39 868 12 23 0 0 14 1.4483 1.3830 1.5136 0.9937 60
f 639 7 3 0 0 154 1 3 10 0 26 35 0 1 0 1 3 9 26 183 1112 2.4030 2.3369 2.4691 0.9912 61
k 640 84 0 34 245 0 11 11 4 689 32 11 4 139 93 177 20 11 11 0 1 1.0033 0.9462 1.0603 0.9931 62
e 657 29 0 152 1073 0 27 3 6 37 4 1 13 0 98 46 53 24 11 0 1 1.5136 1.4429 1.5844 0.9937 63
d 658 1 0 1553 1 7 0 1 3 0 3 0 3 0 0 0 0 0 2 0 5 2.8057 2.7648 2.8466 0.9943 64
v 659 14 3 2 0 48 0 29 771 0 196 10 4 0 0 0 0 13 485 0 2 1.5244 1.4727 1.5761 0.9931 65
q 665 557 1 194 169 0 46 9 1 263 16 1 30 2 144 109 21 5 5 3 1 0.8140 0.7647 0.8633 0.9931 66
l 666 13 10 1 5 8 0 13 105 5 1216 103 21 0 0 38 5 9 6 4 14 1.5827 1.5072 1.6583 0.9924 67
m 667 87 20 0 0 304 1 2 121 0 273 698 1 0 1 0 4 1 59 0 6 1.6527 1.5992 1.7061 0.9937 68
k 669 594 4 8 38 0 40 38 2 544 2 0 10 0 57 100 73 19 46 0 3 1.0414 0.9825 1.1003 0.9937 69
q 670 74 0 213 747 7 60 5 1 99 4 2 53 0 100 55 138 9 2 1 8 1.0049 0.9464 1.0634 0.9937 70
l 680 66 8 7 1 25 23 2 105 0 648 570 0 0 6 0 8 64 20 0 26 1.4538 1.3895 1.5181 0.9943 71
g 681 2 1 3 3 1 1406 21 0 12 0 0 113 0 2 3 11 1 0 0 0 2.1873 2.1292 2.2454 0.9943 72
f 682 48 6 0 0 415 2 55 110 0 462 128 3 0 25 0 3 18 280 2 21 1.0513 1.0001 1.1026 0.9937 73
l 683 9 0 328 42 0 60 15 1 503 3 1 337 15 73 46 48 97 0 0 0 1.0338 0.9854 1.0822 0.9937 74
h 684 593 164 8 1 41 41 47 40 1 11 39 12 0 5 4 255 139 152 1 24 0.8465 0.7875 0.9056 0.9937 75
y 685 12 2 0 0 413 0 13 34 0 108 8 1 0 0 0 1 2 14 1 969 2.1951 2.1394 2.2508 0.9937 76
r 686 1 0 0 0 0 0 1 1 1 0 0 2 0 3 1554 12 0 1 2 0 2.7446 2.7058 2.7834 0.9937 77
f 687 0 0 0 0 931 2 0 76 0 166 120 0 3 0 0 1 224 31 3 22 1.7642 1.7072 1.8212 0.9943 78
s 688 0 1 1 0 0 76 0 0 0 1 0 9 3 20 0 1452 16 0 0 0 2.2890 2.2358 2.3423 0.9943 79
v 692 2 0 0 0 23 0 1 1132 0 172 15 0 6 0 1 1 32 194 0 0 1.8989 1.8415 1.9564 0.9943 80
a 693 555 13 23 131 0 8 2 1 1 8 2 67 22 53 1 691 1 1 0 1 1.2344 1.1786 1.2901 0.9956 81
w 694 0 1 0 0 0 0 0 2 0 6 3 0 2 0 2 0 0 1 1559 5 4.2023 4.1625 4.2421 0.9956 82
p 695 226 5 1 3 1 21 10 0 1 0 0 6 369 0 0 639 285 5 1 7 1.2678 1.2238 1.3119 0.9950 83
r 696 1 0 1 0 0 0 1 1 6 3 0 0 0 0 1561 1 4 1 0 0 2.7588 2.7218 2.7957 0.9950 84
i 697 13 1 0 0 19 0 1 1001 0 216 8 0 0 0 0 1 6 313 0 1 1.7863 1.7365 1.8361 0.9950 85
m 698 5 9 3 76 547 0 7 226 0 347 93 10 1 111 12 2 1 30 3 98 1.1172 1.0644 1.1701 0.9956 86
p 702 15 0 18 6 0 1 6 7 37 8 0 10 1423 9 5 11 18 3 0 1 2.4002 2.3314 2.4689 0.9937 87
a 705 38 1 288 159 3 54 32 4 127 47 7 340 71 64 70 51 183 4 0 11 0.5785 0.5349 0.6222 0.9786 88
a 729 8 1 39 21 5 4 6 7 30 2 1 2 6 2 95 57 69 13 1 5 0.6219 0.5222 0.7216 0.2355 89
g 738 1 0 2 0 0 294 2 4 2 1 0 0 1 0 4 0 0 22 0 0 2.0647 1.9298 2.1995 0.2097 90
i 740 82 0 4 34 0 4 2 15 33 2 1 3 73 14 30 7 25 13 0 0 0.5827 0.4895 0.6759 0.2154 91
i 791 116 3 34 114 12 103 3 172 53 81 19 15 53 16 6 23 49 390 5 9 0.4624 0.4057 0.5191 0.8035 92
n 795 1 7 108 16 0 14 5 0 2 5 0 1327 0 2 1 77 2 11 1 0 2.3713 2.3069 2.4358 0.9943 93
e 796 82 0 18 573 1 7 11 7 96 18 16 5 273 312 71 26 25 16 9 12 0.9675 0.9102 1.0248 0.9937 94
e 797 422 1 82 422 8 9 3 5 379 33 2 11 20 58 63 22 15 11 4 8 0.8608 0.8056 0.9159 0.9937 95
g 798 171 0 19 29 0 1319 0 0 0 0 6 2 0 4 1 4 1 8 0 15 1.9693 1.9093 2.0293 0.9943 96
l 799 31 0 0 1 21 0 0 392 2 764 16 1 0 1 3 1 0 319 27 0 1.3505 1.3012 1.3999 0.9943 97
l 800 361 1 422 201 2 17 2 4 165 15 9 53 1 181 75 41 22 6 0 3 0.7903 0.7434 0.8372 0.9956 98
f 801 2 0 0 0 1025 0 149 0 2 4 2 2 0 3 27 0 3 1 14 348 2.3018 2.2486 2.3550 0.9962 99
y 841 11 1 0 0 0 0 1 6 0 2 0 1 2 0 0 2 6 5 0 1545 3.2515 3.2063 3.2966 0.9962 100
e 842 9 0 510 105 0 7 110 23 79 10 3 393 1 23 198 83 10 17 1 0 1.0510 1.0000 1.1020 0.9962 101
h 843 83 3 282 94 1 17 20 2 153 4 3 314 0 68 451 68 13 2 0 4 0.9002 0.8541 0.9462 0.9962 102
l 844 3 0 0 12 51 0 0 130 0 845 93 0 3 2 4 0 6 408 1 24 1.3139 1.2577 1.3701 0.9962 103
l 854 10 8 0 0 380 0 0 727 0 142 7 0 0 0 0 4 25 275 0 4 1.5308 1.4852 1.5764 0.9962 104
d 855 78 0 957 86 0 11 6 1 75 17 1 220 0 36 30 29 32 2 0 1 1.4496 1.3836 1.5156 0.9962 105
e 856 178 45 70 802 14 107 5 1 52 43 2 12 0 13 42 51 111 5 0 29 0.9485 0.8826 1.0145 0.9962 106
i 857 21 266 0 0 17 0 4 61 0 1039 131 0 0 0 0 4 3 28 6 2 1.6811 1.6129 1.7492 0.9962 107
e 859 40 12 4 40 2 5 83 178 178 753 5 31 0 23 145 2 14 63 1 3 0.8780 0.8149 0.9410 0.9962 108
l 860 383 1 72 302 1 18 10 2 478 25 1 29 0 52 82 99 18 9 0 2 0.8324 0.7821 0.8827 0.9975 109
a 861 204 8 1 29 3 1 211 6 134 41 4 318 1 59 202 28 4 7 1 322 0.9743 0.9290 1.0196 0.9975 110
g 871 4 1 112 14 0 1137 53 0 27 0 0 209 0 16 5 6 0 0 0 0 1.7366 1.6742 1.7990 0.9975 111
l 880 1 0 0 0 9 2 0 1250 4 120 80 1 0 3 1 1 2 110 0 0 2.1167 2.0566 2.1768 0.9975 112
i 881 33 1 26 702 0 1 7 45 178 19 4 6 0 182 77 20 229 50 0 4 1.0238 0.9673 1.0803 0.9975 113
p 884 24 1 0 0 6 0 0 26 0 24 0 1 1435 0 0 8 13 46 0 0 2.4548 2.3940 2.5156 0.9975 114
m 885 40 11 0 1 285 0 52 215 0 247 211 23 0 2 1 9 3 264 92 128 0.9615 0.9177 1.0052 0.9975 115
l 886 142 16 0 0 5 1 0 298 0 134 29 0 33 2 0 0 1 923 0 0 1.4573 1.4031 1.5116 0.9975 116
t 887 3 64 19 0 0 4 0 2 0 0 5 114 0 0 0 31 1334 8 0 0 2.2280 2.1656 2.2904 0.9975 117
l 888 1 1 0 0 12 0 0 258 0 1201 81 1 0 1 0 0 1 21 0 6 1.7732 1.7170 1.8294 0.9975 118
y 889 16 40 14 19 257 0 130 6 0 29 9 59 1 6 0 268 30 18 12 670 1.4211 1.3609 1.4814 0.9975 119
h 890 4 0 0 0 0 0 1563 0 3 0 0 6 0 4 1 0 0 0 2 1 3.6914 3.6532 3.7296 0.9975 120
w 891 0 2 9 0 519 1 10 3 0 13 1 2 0 2 0 8 3 5 717 289 2.5161 2.4636 2.5686 0.9975 121
d 893 9 0 1092 324 1 24 0 0 0 0 0 4 9 0 0 23 69 28 0 0 1.8842 1.8272 1.9413 0.9969 122
l 894 13 15 3 6 22 1 38 69 1 755 303 15 10 2 0 45 177 74 0 35 1.1133 1.0474 1.1792 0.9975 123
p 896 0 0 0 0 0 0 0 0 0 0 0 0 1583 0 0 2 0 0 0 0 2.9434 2.9213 2.9655 0.9981 124
q 897 71 0 34 22 27 21 8 62 18 350 67 6 1 619 21 23 15 66 23 130 0.9611 0.8974 1.0247 0.9975 125
w 898 528 9 15 127 11 52 179 16 33 2 5 62 46 9 22 59 47 49 185 128 0.7779 0.7168 0.8391 0.9975 126
i 899 19 2 0 3 69 0 0 66 0 1339 31 0 0 0 0 1 1 40 11 1 1.8061 1.7400 1.8722 0.9969 127
e 914 51 1 144 585 6 16 44 8 159 36 11 37 14 258 56 16 68 14 0 14 0.8324 0.7734 0.8914 0.9685 128
d 920 46 1 506 229 2 5 22 26 350 37 8 62 2 69 85 17 47 12 0 2 0.8811 0.8263 0.9360 0.9622 129
e 929 75 1 13 148 5 4 5 12 97 70 15 13 0 35 123 24 10 6 0 2 0.5621 0.4906 0.6336 0.4144 130
g 938 23 0 49 13 2 1317 4 1 21 7 1 20 1 10 6 66 9 1 0 2 1.8967 1.8245 1.9689 0.9780 131
g 940 23 0 8 1 0 820 0 0 0 0 0 12 5 0 1 19 1 0 0 0 2.2133 2.1369 2.2896 0.5605 132
w 942 0 1 0 0 273 3 0 4 0 43 6 0 1 1 0 1 0 2 1235 10 3.3618 3.3034 3.4201 0.9950 133
t 945 138 11 16 197 4 20 8 29 72 402 28 12 58 52 159 66 160 64 3 27 0.3387 0.2892 0.3882 0.9610 134
q 947 43 6 127 34 0 36 19 1 41 2 0 719 0 10 17 470 21 28 2 3 1.3275 1.2660 1.3891 0.9943 135
r 951 33 1 47 99 2 11 15 4 96 8 0 2 257 13 924 44 13 7 0 1 1.3841 1.3182 1.4500 0.9931 136
e 952 73 3 288 380 1 26 54 13 310 32 3 46 0 86 162 51 27 10 1 13 0.6944 0.6462 0.7426 0.9943 137
t 954 38 24 0 0 59 2 1 351 2 163 113 38 0 1 0 72 400 304 1 11 0.8965 0.8512 0.9418 0.9950 138
i 955 301 11 0 6 0 4 3 510 9 35 4 1 74 20 13 36 19 534 0 2 1.1309 1.0770 1.1848 0.9962 139
q 960 67 1 579 282 18 80 35 15 118 30 2 71 32 43 31 37 26 17 3 95 0.7256 0.6672 0.7839 0.9962 140
h 964 251 37 291 56 215 4 94 20 20 159 11 3 5 10 150 8 1 10 119 118 0.6939 0.6463 0.7416 0.9962 141
f 965 2 0 0 0 1187 0 0 3 0 25 5 0 0 0 0 3 0 7 24 325 2.5251 2.4733 2.5769 0.9956 142
k 966 441 8 24 216 7 52 3 30 52 119 15 27 0 34 72 20 115 341 0 5 0.5298 0.4790 0.5806 0.9956 143
t 967 109 3 317 251 13 21 84 7 199 8 1 133 1 35 311 19 34 11 0 24 0.6971 0.6521 0.7421 0.9956 144
y 968 0 0 0 0 334 0 4 0 0 30 1 11 0 0 0 1 0 0 1 1198 2.6843 2.6380 2.7307 0.9950 145
a 969 1120 156 0 1 0 22 0 2 0 2 2 0 1 0 1 73 70 130 0 0 1.6354 1.5721 1.6987 0.9950 146
s 971 149 2 193 350 3 37 11 17 260 15 8 39 0 61 290 48 79 16 1 3 0.6216 0.5768 0.6664 0.9962 147
v 986 108 4 4 20 110 2 12 149 58 194 5 2 0 16 40 4 379 418 0 57 0.7162 0.6682 0.7642 0.9962 148
i 987 98 488 0 1 10 0 0 171 0 221 74 0 0 0 0 3 19 497 0 1 1.4851 1.4336 1.5367 0.9969 149
m 988 176 5 1 0 930 23 24 55 1 56 70 0 0 1 0 25 42 112 0 62 1.5275 1.4602 1.5947 0.9969 150
d 989 82 0 138 400 0 37 18 2 296 5 4 80 10 107 184 69 118 2 24 8 0.6399 0.5954 0.6845 0.9975 151
r 996 205 6 0 274 1 4 86 9 63 100 5 85 1 21 602 36 52 15 2 17 0.8500 0.7941 0.9060 0.9975 152
f 997 0 0 0 0 718 0 0 35 0 348 8 0 0 0 0 0 0 6 11 459 1.8881 1.8458 1.9303 0.9981 153
g 1000 69 1 36 4 1 955 31 1 265 3 0 22 5 38 52 61 7 1 0 2 1.3335 1.2664 1.4007 0.9786 154
e 1001 12 1 1026 65 0 186 39 0 50 0 0 90 28 16 6 37 12 0 4 0 1.5651 1.4964 1.6338 0.9899 155
r 1003 10 2 26 45 8 13 10 27 398 145 3 9 0 29 769 9 3 19 15 38 1.2230 1.1574 1.2886 0.9937 156
i 1004 20 16 11 2 1 6 1 106 0 29 9 0 2 0 0 1 3 1379 0 0 2.1327 2.0690 2.1963 0.9987 157
n 1014 47 1 120 38 5 15 43 6 895 5 0 44 71 30 117 48 74 6 7 14 1.1468 1.0758 1.2179 0.9987 158
w 1015 23 5 44 12 63 4 225 25 47 132 42 102 3 21 50 53 56 32 21 626 1.0617 0.9985 1.1248 0.9987 159
w 1016 20 1 0 0 50 0 0 21 0 3 0 0 0 0 2 1 3 32 1379 75 3.5564 3.4909 3.6219 0.9994 160
n 1017 117 37 0 0 115 3 0 427 0 295 171 11 0 10 0 57 209 120 2 13 0.8288 0.7846 0.8730 0.9994 161
t 1018 5 1 0 0 0 1 0 10 0 2 8 2 83 0 0 33 1411 31 0 0 2.3201 2.2608 2.3794 0.9994 162
i 1019 1 1 0 1 784 0 63 271 0 317 59 2 0 4 0 2 2 66 1 13 1.5859 1.5325 1.6393 0.9994 163
n 1020 1 4 12 0 0 0 1 1 1 1 1 1561 0 0 0 2 3 0 0 0 2.9884 2.9480 3.0288 1.0000 164
e 1021 0 0 0 1588 0 0 0 0 0 0 0 0 0 0 0 0 0 0 0 0 2.7583 2.7391 2.7775 1.0000 165
p 1026 55 1 0 0 10 2 7 372 1 20 28 4 942 107 0 6 11 21 0 0 1.6946 1.6340 1.7553 0.9994 166
y 1033 26 2 33 10 69 21 42 91 35 75 39 635 5 37 33 36 24 34 272 46 1.1185 1.0502 1.1868 0.9855 167
c 1053 71 252 6 23 14 61 13 150 6 70 42 22 206 41 10 115 112 344 2 2 0.6447 0.5946 0.6948 0.9836 168
a 1054 65 10 3 24 392 29 44 76 3 110 32 12 62 30 11 170 50 194 45 201 0.6166 0.5662 0.6669 0.9843 169
s 1055 341 128 13 6 24 22 45 75 9 84 102 26 24 20 5 208 209 193 6 25 0.5101 0.4596 0.5605 0.9855 170
i 1056 96 22 55 108 117 242 20 93 11 106 46 86 23 64 21 116 84 100 42 75 0.1585 0.1216 0.1954 0.9616 171
l 1069 180 30 33 54 61 220 29 27 21 398 50 73 12 76 32 105 32 43 10 77 0.2793 0.2277 0.3308 0.9843 172
g 1070 115 10 7 28 7 1092 7 14 15 24 10 6 3 40 27 108 11 25 4 5 1.3643 1.2857 1.4430 0.9811 173
y 1071 26 3 4 8 74 10 94 180 10 156 32 18 3 2 9 9 31 84 12 791 1.4037 1.3347 1.4726 0.9798 174
g 1072 157 14 95 66 56 276 20 126 40 254 51 43 10 31 54 48 39 125 8 25 0.1961 0.1517 0.2406 0.9685 175
t 1090 51 3 33 42 47 29 100 64 4 103 33 58 1 24 27 90 81 57 20 47 0.2595 0.2131 0.3058 0.5756 176
g 1092 13 1 19 2 1 627 0 4 6 2 0 5 4 2 1 19 17 2 0 0 1.9415 1.8371 2.0459 0.4565 177
e 1093 41 2 17 78 17 16 19 125 19 36 13 21 7 21 44 36 42 151 13 11 0.3178 0.2503 0.3852 0.4591 178
h 1098 4 4 14 3 118 10 328 8 35 40 44 20 0 19 8 15 8 3 4 22 1.4833 1.3814 1.5853 0.4452 179
a 1111 615 10 30 19 13 47 8 11 11 25 0 14 181 6 4 20 26 8 11 107 0.9961 0.9130 1.0792 0.7343 180
p 1112 12 1 6 14 3 6 4 2 12 15 5 10 843 14 4 9 8 6 0 1 2.1935 2.0957 2.2914 0.6140 181
g 1226 72 19 26 19 27 685 11 13 27 21 21 83 13 19 22 45 22 5 2 19 0.9863 0.8959 1.0767 0.7374 182
h 1232 22 1 8 12 4 8 42 58 38 112 12 7 76 10 133 6 10 32 3 18 0.4777 0.3994 0.5560 0.3854 183
e 1261 25 1 23 27 6 36 22 1 82 4 5 29 1 40 286 15 66 9 1 5 0.8151 0.7245 0.9056 0.4307 184
n 1304 46 5 300 182 3 54 15 13 57 46 11 163 89 20 23 91 31 16 5 3 0.5233 0.4671 0.5795 0.7387 185
w 1306 39 4 20 39 21 99 22 42 66 85 19 7 72 38 48 219 26 102 20 10 0.2227 0.1677 0.2776 0.6285 186
r 1307 137 5 192 73 39 83 28 39 66 64 5 169 28 50 59 92 92 46 5 33 0.1865 0.1476 0.2254 0.8218 187
e 1309 124 0 46 294 8 66 5 5 26 21 4 15 14 21 13 20 23 10 1 15 0.6743 0.5850 0.7637 0.4603 188
a 1331 374 21 23 23 35 72 9 65 75 125 96 9 254 18 83 53 68 89 13 33 0.3294 0.2794 0.3794 0.9685 189
f 1332 98 5 8 20 157 17 17 59 16 201 48 19 25 4 27 11 14 103 42 663 1.0696 1.0031 1.1360 0.9786 190
t 1342 106 4 21 37 2 3 16 158 104 142 16 33 45 596 125 12 96 46 4 9 0.7830 0.7257 0.8403 0.9918 191
a 1343 739 90 2 8 7 47 6 57 4 25 43 2 0 30 0 53 36 413 14 5 1.0594 0.9932 1.1257 0.9956 192
a 1344 523 23 16 13 22 156 8 96 6 173 80 94 0 28 16 118 76 106 10 17 0.4633 0.4088 0.5177 0.9956 193
h 1345 22 0 25 12 31 0 1179 12 51 20 2 14 4 3 25 7 7 7 1 158 2.5156 2.4392 2.5920 0.9950 194
h 1346 14 0 1 3 2 17 807 36 2 6 1 509 1 6 19 17 36 15 0 89 2.0886 2.0253 2.1518 0.9956 195
i 1359 66 5 0 135 15 4 2 135 21 429 201 3 0 301 3 12 84 166 0 1 0.8083 0.7620 0.8546 0.9969 196
l 1360 57 15 1 0 214 1 8 159 0 741 120 123 0 22 2 16 26 69 0 9 0.9977 0.9370 1.0584 0.9969 197
m 1361 23 0 4 23 3 0 1 98 78 843 18 13 0 17 65 3 13 365 0 15 1.0906 1.0273 1.1538 0.9962 198
c 1362 1236 37 0 0 0 123 0 1 0 1 0 0 0 0 0 166 8 9 0 1 1.7717 1.7152 1.8281 0.9962 199
h 1363 22 1 1 5 2 11 963 5 0 1 5 58 0 61 0 415 24 0 0 7 2.2481 2.1844 2.3117 0.9956 200
g 1364 988 23 0 6 7 364 7 18 15 7 2 12 0 5 20 64 10 33 0 0 1.3513 1.2849 1.4177 0.9956 201
i 1365 183 4 5 85 4 10 25 25 355 445 34 11 0 35 204 71 39 9 13 24 0.6099 0.5558 0.6640 0.9956 202
a 1366 1138 9 0 0 2 74 0 48 0 14 8 0 1 1 0 29 68 189 0 0 1.5082 1.4442 1.5723 0.9956 203
s 1367 92 8 2 1 21 13 3 132 8 33 65 6 1 3 17 16 150 820 20 171 1.1376 1.0710 1.2042 0.9962 204
n 1368 99 3 106 137 1 13 95 41 438 18 6 75 26 228 212 42 24 11 0 6 0.6695 0.6216 0.7174 0.9956 205
l 1369 410 3 6 82 10 4 8 193 39 370 44 10 2 20 78 42 38 160 4 58 0.5202 0.4679 0.5725 0.9956 206
h 1370 150 101 0 0 200 165 3 200 0 217 46 0 0 0 0 6 1 56 1 435 1.0056 0.9641 1.0471 0.9956 207
k 1372 79 1 49 376 1 9 7 0 211 10 2 18 1 89 490 47 16 1 3 1 1.0293 0.9745 1.0842 0.8885 208
e 1377 60 0 5 33 0 6 4 3 2 14 0 5 0 8 20 10 10 15 1 0 0.5109 0.3778 0.6441 0.1234 209
k 1381 77 1 34 69 0 61 8 12 74 39 9 27 16 23 20 28 49 16 0 13 0.2034 0.1467 0.2602 0.3627 210
g 1382 67 19 64 40 3 65 28 17 186 35 12 79 27 19 79 32 18 38 1 12 0.2940 0.2361 0.3518 0.5296 211
l 1383 72 10 47 59 34 52 16 11 58 36 9 51 32 31 28 54 20 24 2 163 0.2946 0.2392 0.3501 0.5094 212
t 1416 37 1 22 15 0 42 4 1 27 4 0 8 71 311 19 8 10 6 1 12 1.2169 1.1088 1.3251 0.3772 213
g 1417 34 0 248 114 5 245 33 2 186 7 12 178 36 67 33 38 37 8 3 4 0.5971 0.5473 0.6469 0.8123 214
k 1419 16 4 14 129 9 18 6 27 481 49 69 36 61 311 155 78 37 52 4 2 0.7241 0.6695 0.7786 0.9811 215
i 1425 38 11 0 1 30 1 5 898 1 76 38 16 4 1 3 5 5 441 0 3 1.6106 1.5490 1.6721 0.9931 216
g 1429 28 2 13 4 2 1394 2 0 3 10 12 2 0 6 7 85 7 1 0 2 2.0523 1.9858 2.1189 0.9950 217
i 1430 68 283 2 0 30 47 0 609 1 120 48 38 86 5 0 37 53 121 12 20 1.0435 0.9831 1.1040 0.9950 218
t 1431 216 7 0 1 1 5 1 137 15 14 407 29 1 2 1 98 352 292 0 1 1.1158 1.0700 1.1617 0.9950 219
l 1432 18 19 15 10 94 1 90 224 9 681 39 73 59 13 0 28 18 145 3 42 0.7792 0.7148 0.8436 0.9956 220
n 1434 312 35 109 7 14 49 47 20 1 65 6 571 8 33 1 162 48 69 1 20 0.8208 0.7623 0.8792 0.9937 221
m 1455 60 54 4 0 69 68 25 29 1 127 20 15 37 7 5 100 63 45 1 10 0.3735 0.3126 0.4343 0.4660 222
e 1457 108 22 68 88 64 120 82 77 17 55 83 64 34 86 37 205 226 67 13 34 0.1883 0.1510 0.2255 0.9761 223
h 1458 55 33 44 32 34 37 23 24 10 56 30 21 459 27 13 56 117 102 303 72 0.8419 0.7795 0.9044 0.9748 224
v 1462 116 47 4 13 108 17 15 51 9 24 21 14 20 8 19 34 33 109 2 733 1.3256 1.2484 1.4028 0.8797 225
d 1465 11 2 22 248 18 3 15 39 7 33 9 1 0 13 58 11 18 75 22 96 0.7409 0.6548 0.8270 0.4414 226
a 1473 178 3 1 0 1 33 0 3 0 3 1 0 1250 4 0 47 20 6 0 1 2.1358 2.0737 2.1979 0.9767 227
a 1475 370 3 17 74 69 21 24 47 78 281 24 38 6 23 117 29 14 75 29 209 0.4284 0.3756 0.4813 0.9748 228
s 1479 75 7 213 82 4 46 83 19 145 20 6 241 18 15 70 329 165 7 4 5 0.5347 0.4895 0.5799 0.9786 229
e 1481 13 0 40 16 1 6 1 0 0 1 0 7 8 4 7 10 10 2 0 0 0.6533 0.5007 0.8058 0.0793 230
r 1488 87 2 57 112 10 12 10 27 91 32 6 32 645 43 47 189 91 24 4 11 0.7653 0.7028 0.8277 0.9647 231
p 1492 247 4 223 432 3 16 21 13 91 52 7 35 138 66 52 53 33 36 1 7 0.5385 0.4871 0.5898 0.9635 232
e 1494 143 1 15 117 0 19 1 3 16 9 2 1 13 7 11 6 2 8 2 3 0.8355 0.7092 0.9617 0.2387 233
d 1497 20 4 1198 13 0 4 30 1 3 1 0 99 3 6 5 27 12 1 0 10 2.1681 2.0940 2.2422 0.9049 234
v 1498 118 3 16 57 8 4 27 215 127 125 57 26 5 121 125 17 18 454 6 26 0.5383 0.4875 0.5891 0.9792 235
a 1499 224 1 112 229 53 12 17 93 106 276 95 23 6 81 65 15 20 35 47 16 0.3518 0.3054 0.3983 0.9610 236
a 1514 1119 4 12 51 13 16 4 9 57 76 17 13 5 30 17 20 26 26 0 14 1.3223 1.2398 1.4047 0.9628 237
a 1516 930 39 6 32 13 13 9 9 30 16 15 35 2 24 29 99 112 107 2 6 1.0441 0.9668 1.1215 0.9622 238
i 1517 69 3 80 272 24 6 57 33 114 101 83 45 0 233 267 30 18 40 14 37 0.4896 0.4437 0.5354 0.9610 239
r 1518 67 5 35 95 50 9 36 84 134 137 34 101 0 84 527 12 27 36 12 42 0.5659 0.5100 0.6219 0.9616 240
r 1519 530 28 63 97 81 29 38 55 79 54 47 26 0 48 74 80 24 68 32 108 0.3977 0.3404 0.4549 0.9830 241
d 1521 100 1 450 136 40 17 54 29 17 185 47 48 5 131 187 31 33 21 4 20 0.5421 0.4906 0.5937 0.9798 242
g 1525 126 7 64 65 286 137 39 16 46 145 23 42 9 96 118 28 31 27 75 183 0.3997 0.3560 0.4433 0.9843 243
f 1548 4 2 2 14 46 2 16 30 2 108 7 4 0 11 8 3 4 21 16 49 0.7127 0.5931 0.8323 0.2198 244
i 1559 57 10 18 34 391 28 60 46 4 119 107 47 1 54 9 102 34 33 128 142 0.7354 0.6805 0.7903 0.8967 245
n 1560 19 5 6 21 63 5 23 35 4 90 10 308 0 13 5 17 22 31 1 34 0.9280 0.8335 1.0225 0.4484 246
r 1586 43 2 27 15 1 305 11 3 2 7 0 10 6 21 215 19 9 3 7 1 1.0662 0.9703 1.1621 0.4452 247
w 1587 24 2 1 1 24 7 1 45 0 76 16 1 1 17 12 6 7 40 421 6 2.1202 2.0016 2.2387 0.4458 248
f 1600 16 70 3 1 855 2 18 54 2 60 24 2 4 12 2 17 16 49 98 274 1.6606 1.5913 1.7299 0.9943 249
a 1601 220 12 2 9 38 79 5 107 0 616 143 19 30 4 0 109 112 46 4 27 0.6551 0.5969 0.7132 0.9962 250
e 1619 6 2 1071 161 2 39 106 1 21 7 3 62 16 19 19 23 14 4 1 4 1.6517 1.5780 1.7253 0.9956 251
p 1620 129 4 0 3 13 38 0 58 2 29 28 0 790 5 16 17 29 386 3 10 1.3031 1.2395 1.3666 0.9824 252
l 1632 123 12 2 1 44 1 84 297 0 302 115 3 2 238 0 48 44 209 1 52 0.7183 0.6750 0.7616 0.9937 253
f 1633 127 79 0 4 222 5 16 108 9 218 41 11 0 5 17 30 108 403 12 107 0.6732 0.6227 0.7237 0.9584 254
n 1634 17 6 36 31 131 77 68 16 247 129 5 77 2 16 396 69 85 14 11 100 0.5321 0.4828 0.5814 0.9654 255
g 1640 16 1 0 2 0 1412 4 2 21 9 6 4 0 6 29 5 0 2 1 1 2.2240 2.1603 2.2876 0.9578 256
k 1641 109 15 267 285 6 73 87 8 145 3 3 49 0 49 170 68 53 24 1 107 0.5057 0.4638 0.5477 0.9584 257
y 1788 1 0 1 0 113 2 3 34 2 29 5 3 4 1 9 5 0 16 9 1283 2.6587 2.5894 2.7279 0.9572 258
p 1797 11 0 15 1 0 3 4 1 0 1 2 42 1245 2 2 67 33 0 0 0 2.3370 2.2699 2.4042 0.8999 259
e 1807 235 5 136 233 17 63 19 18 105 24 8 73 115 126 51 146 56 44 2 34 0.2642 0.2246 0.3038 0.9509 260
d 1808 58 4 194 196 74 24 23 71 37 91 10 23 21 4 29 153 65 106 34 289 0.4294 0.3841 0.4746 0.9484 261
m 1812 186 12 9 11 46 33 1 98 31 287 453 6 6 10 4 23 58 164 3 40 0.8763 0.8165 0.9361 0.9326 262
v 1817 50 6 25 51 41 10 16 111 263 308 44 39 5 52 214 13 35 137 53 19 0.4178 0.3666 0.4689 0.9395 263
e 1822 196 3 128 245 4 16 18 5 244 19 5 82 21 56 232 111 45 9 2 14 0.4999 0.4549 0.5449 0.9162 264
w 1824 35 0 78 10 12 29 10 26 9 47 2 3 4 4 19 2 10 18 16 6 0.3895 0.2896 0.4893 0.2141 265
y 1825 34 2 2 2 53 0 2 15 2 95 12 0 11 7 2 4 32 21 7 37 0.6292 0.5193 0.7391 0.2141 266
g 1829 82 0 18 39 1 33 7 15 26 12 9 14 22 31 63 18 9 11 3 2 0.2826 0.2032 0.3619 0.2613 267
t 1830 38 3 40 16 1 10 27 59 27 45 5 14 10 13 15 18 5 45 0 11 0.2570 0.1837 0.3304 0.2531 268
y 1832 37 1 8 31 10 4 5 11 24 58 27 21 1 14 22 4 5 27 10 9 0.2842 0.1934 0.3751 0.2072 269
l 1837 7 0 8 23 3 39 4 2 3 17 5 6 4 56 1 1 5 13 0 4 0.6304 0.4896 0.7712 0.1266 270
n 1838 16 0 9 14 4 92 5 10 1 6 1 13 17 4 3 11 35 16 4 3 0.5075 0.3745 0.6404 0.1662 271
g 1840 10 0 6 8 13 8 9 48 13 84 4 36 42 5 28 15 25 11 33 20 0.3725 0.2851 0.4599 0.2632 272
l 1841 42 2 13 11 7 10 2 11 6 54 2 3 47 5 6 11 18 153 1 5 0.5874 0.4734 0.7014 0.2576 273
d 1847 79 0 51 242 2 19 6 5 199 22 5 20 508 54 75 65 18 10 1 2 0.8480 0.7896 0.9065 0.8709 274
f 1848 67 5 86 300 71 12 29 14 244 34 6 52 20 68 177 63 50 61 4 31 0.4050 0.3564 0.4536 0.8778 275
v 1863 23 10 10 6 443 16 7 332 25 55 150 3 7 4 17 15 54 202 11 48 1.0184 0.9584 1.0784 0.9055 276
q 1864 47 6 31 225 6 20 31 5 69 82 7 24 18 118 99 151 487 9 19 8 0.6360 0.5785 0.6935 0.9207 277
p 1865 149 5 269 348 5 8 6 14 123 18 3 26 333 59 34 47 42 22 3 6 0.6829 0.6323 0.7336 0.9572 278
g 1866 68 2 132 536 3 483 6 4 53 5 2 40 12 56 20 48 13 7 2 8 0.9539 0.8927 1.0150 0.9446 279
d 1871 7 0 967 366 0 6 6 0 9 4 2 3 5 111 5 4 4 10 4 3 1.8276 1.7669 1.8882 0.9547 280
m 1872 95 1 43 134 52 2 6 72 145 448 154 4 10 35 83 133 23 44 6 23 0.4521 0.4002 0.5040 0.9528 281
e 1873 292 2 150 492 2 25 7 11 232 25 8 30 11 106 73 34 29 21 2 3 0.7067 0.6533 0.7600 0.9792 282
l 1875 66 7 54 35 38 5 5 396 45 388 57 13 2 29 32 23 104 126 4 29 0.5908 0.5320 0.6496 0.9181 283
i 1877 9 5 0 0 37 1 0 571 0 606 58 8 0 2 1 2 6 149 0 0 1.4166 1.3629 1.4704 0.9162 284
q 1878 213 16 48 33 7 47 40 8 572 26 9 31 6 74 232 151 31 13 0 11 0.7283 0.6702 0.7863 0.9874 285
q 1893 150 5 49 215 16 349 23 3 97 9 2 116 0 206 44 65 56 14 0 6 0.5621 0.5152 0.6090 0.8974 286
p 1914 43 4 13 7 0 9 1 2 26 1 0 6 287 3 14 259 66 0 0 17 1.1626 1.0795 1.2456 0.4773 287
g 1920 109 43 0 3 93 8 5 195 1 253 25 49 73 9 4 106 29 460 2 48 0.6252 0.5731 0.6773 0.9540 288
d 1928 4 3 1515 16 0 6 2 4 0 6 0 5 4 7 0 2 8 4 0 0 2.6329 2.5763 2.6895 0.9987 289
f 1933 13 6 0 3 1036 10 0 30 0 64 29 1 0 2 1 3 6 44 86 252 2.0106 1.9431 2.0780 0.9987 290
l 1934 9 8 0 0 165 0 5 501 0 531 47 2 0 0 0 0 2 206 13 98 1.1964 1.1483 1.2445 0.9994 291
g 1935 153 6 0 0 0 1163 0 0 0 2 15 0 0 1 0 199 48 0 0 0 1.7361 1.6822 1.7900 0.9994 292
i 1936 5 8 0 0 398 0 3 364 0 341 66 12 0 12 0 0 6 357 1 14 1.2146 1.1713 1.2578 0.9994 293
n 1937 0 1 51 0 0 0 1 11 0 0 0 1048 0 61 0 408 7 0 0 0 2.0629 2.0138 2.1120 1.0000 294
y 1938 17 19 0 0 52 4 216 31 0 19 4 40 4 18 0 20 32 15 1 1095 2.1705 2.0980 2.2430 0.9994 295
y 1939 0 0 0 0 0 0 0 0 0 0 0 0 0 0 0 0 0 0 0 1588 3.4172 3.3976 3.4367 1.0000 296
t 1940 84 16 8 17 67 33 38 9 11 22 211 81 8 116 75 264 446 25 4 53 0.6914 0.6379 0.7449 1.0000 297
r 1943 90 10 6 9 0 76 0 5 4 0 3 7 234 3 261 597 265 8 0 0 1.0322 0.9852 1.0792 0.9937 298
s 1946 93 14 21 42 83 50 58 49 44 82 52 152 9 56 187 158 128 66 6 78 0.2113 0.1744 0.2482 0.8992 299
i 1947 60 121 4 2 89 7 16 74 19 144 21 11 0 5 155 17 191 252 14 226 0.6511 0.6032 0.6990 0.8992 300
i 1950 252 11 4 35 16 8 10 181 6 41 26 8 1 11 30 36 77 627 0 34 0.8921 0.8254 0.9588 0.8904 301
r 1951 124 4 12 34 7 20 2 6 212 8 7 14 1 75 132 112 74 12 1 20 0.5686 0.5058 0.6313 0.5523 302
s 1974 66 0 26 6 8 16 15 1 4 6 2 3 29 7 3 23 4 2 4 20 0.4933 0.3687 0.6180 0.1543 303
t 1977 89 2 172 20 7 39 41 1 25 6 4 74 18 15 23 37 20 10 2 8 0.5460 0.4650 0.6270 0.3860 304
n 1978 180 36 66 39 2 51 8 24 19 19 3 54 114 20 18 38 23 35 2 4 0.3527 0.2855 0.4198 0.4754 305
d 1980 113 2 91 138 3 94 26 14 111 13 6 36 92 28 49 221 124 15 6 4 0.3245 0.2792 0.3698 0.7469 306
a 1981 32 2 45 43 7 46 26 7 12 8 5 15 42 11 5 29 20 10 5 2 0.2758 0.1963 0.3554 0.2343 307
s 1982 76 0 23 32 37 47 18 10 17 22 8 22 48 8 18 42 21 12 24 28 0.1901 0.1271 0.2531 0.3230 308
l 2017 8 0 14 6 21 20 1 8 2 21 3 1 28 0 5 6 5 3 43 6 0.7250 0.5841 0.8660 0.1266 309
l 2018 7 2 0 1 12 1 1 11 1 52 4 3 53 0 3 1 4 29 0 3 0.7924 0.6378 0.9470 0.1184 310
q 2019 16 3 8 6 3 63 3 7 7 5 3 8 29 11 15 7 3 9 0 1 0.4282 0.2892 0.5672 0.1304 311
v 2028 77 5 87 146 60 74 40 44 91 46 18 104 34 32 22 92 96 98 4 13 0.1372 0.1008 0.1735 0.7450 312
e 2029 92 7 53 131 43 44 48 47 68 53 21 31 69 39 66 90 67 107 24 37 0.0753 0.0391 0.1115 0.7160 313
q 2030 100 5 66 48 69 117 44 54 39 80 14 65 47 31 32 63 95 143 13 30 0.0866 0.0489 0.1243 0.7273 314
v 2041 77 6 46 56 76 25 33 46 51 80 84 19 60 60 42 52 57 109 4 2 0.1580 0.1196 0.1965 0.6203 315
h 2043 42 2 46 87 15 18 8 29 45 33 8 34 126 23 33 38 19 29 2 12 0.2356 0.1755 0.2958 0.4087 316
m 2044 78 3 63 55 20 66 16 27 59 37 15 29 86 45 48 76 40 33 30 20 0.0954 0.0527 0.1380 0.5327 317
e 2045 38 7 58 41 65 195 31 17 24 53 5 37 44 33 52 49 41 27 9 65 0.2125 0.1581 0.2669 0.5611 318
e 2047 62 2 146 90 23 63 15 13 32 76 10 26 22 21 33 23 30 55 3 47 0.2054 0.1505 0.2603 0.4987 319
p 2048 66 7 52 108 22 250 20 31 34 37 20 37 317 22 42 113 65 41 3 22 0.3794 0.3250 0.4337 0.8243 320
v 2097 10 4 1 24 3 13 44 12 79 31 8 3 4 32 99 22 49 46 4 23 0.4466 0.3700 0.5232 0.3218 321
t 2098 39 3 4 3 2 16 3 4 4 7 15 5 4 0 1 67 341 3 0 1 1.4621 1.3379 1.5863 0.3287 322
d 2107 177 0 211 209 10 88 19 8 248 15 7 22 81 97 59 40 57 14 2 8 0.4506 0.4051 0.4961 0.8640 323
m 2109 177 6 8 42 76 14 4 80 88 65 342 18 11 32 46 256 146 55 2 48 0.5800 0.5299 0.6300 0.9547 324
g 2110 27 2 122 36 26 354 12 12 22 6 2 203 57 6 3 388 217 7 0 14 0.7451 0.6945 0.7958 0.9547 325
w 2120 17 3 11 19 15 23 2 13 4 4 13 10 2 2 20 8 14 3 1330 40 3.3510 3.2694 3.4326 0.9780 326
e 2130 85 5 16 371 44 26 31 23 41 21 6 45 176 264 49 50 66 18 2 121 0.5805 0.5283 0.6327 0.9194 327
i 2131 21 1 8 6 15 10 2 865 6 40 14 16 25 11 4 31 28 358 0 5 1.5046 1.4330 1.5762 0.9232 328
h 2143 44 19 577 26 35 11 34 5 4 9 7 20 0 26 13 20 63 177 10 449 1.2137 1.1497 1.2777 0.9754 329
p 2144 64 0 2 52 3 9 3 1 0 2 0 0 1402 1 0 13 5 1 0 1 2.4465 2.3863 2.5066 0.9817 330
e 2149 46 0 126 304 20 16 14 80 177 97 20 21 58 174 58 37 60 131 126 14 0.4033 0.3597 0.4469 0.9943 331
s 2150 151 25 5 5 2 1246 3 13 2 5 2 1 0 6 2 72 15 15 3 9 1.7461 1.6752 1.8170 0.9962 332
f 2151 4 6 0 0 222 0 1 241 0 930 110 0 0 0 0 0 4 34 6 24 1.4456 1.3879 1.5033 0.9962 333
y 2156 22 4 1 88 19 39 43 9 41 38 3 10 3 39 696 21 104 18 2 362 1.1660 1.1005 1.2314 0.9836 334
k 2177 41 2 318 163 21 30 42 174 186 57 9 67 1 30 70 29 35 47 55 200 0.4952 0.4505 0.5399 0.9931 335
l 2181 190 23 2 18 47 57 11 186 5 418 89 2 0 18 1 94 202 194 1 25 0.5309 0.4840 0.5778 0.9969 336
l 2182 81 30 0 0 9 12 0 110 0 1112 106 0 27 0 0 7 8 80 0 2 1.4123 1.3428 1.4818 0.9975 337
t 2185 17 7 20 70 1 14 28 86 157 159 98 437 0 33 202 27 119 104 0 4 0.6272 0.5808 0.6735 0.9969 338
r 2335 28 3 98 176 39 19 68 19 94 44 32 79 1 86 261 32 52 21 165 259 0.6116 0.5657 0.6576 0.9924 339
i 2336 48 13 1 10 107 0 0 393 0 568 88 2 0 7 4 4 63 221 1 52 0.9703 0.9174 1.0232 0.9962 340
e 2338 106 2 30 11 7 13 117 1 331 6 2 63 1 57 123 95 78 3 95 418 0.9319 0.8804 0.9834 0.9817 341
k 2339 81 0 472 327 4 34 33 8 109 14 4 113 2 86 161 68 49 11 1 8 0.7179 0.6682 0.7676 0.9981 342
d 2342 29 3 103 143 7 4 48 14 139 44 6 103 2 38 766 24 69 20 1 17 0.9675 0.9022 1.0328 0.9950 343
f 2343 12 7 3 3 74 5 20 5 6 11 1 4 6 2 1 7 26 5 36 1342 2.6469 2.5723 2.7216 0.9924 344
s 2344 18 1 38 5 0 201 17 1 21 1 0 66 141 11 17 12 36 2 0 2 0.8667 0.7799 0.9534 0.3715 345
k 2345 6 0 14 4 1 26 0 0 4 2 0 3 11 2 5 2 3 0 0 0 0.6471 0.4574 0.8368 0.0523 346
g 2348 41 1 114 85 1 246 99 2 88 10 3 356 50 251 98 14 11 8 1 2 0.7730 0.7266 0.8193 0.9326 347
l 2350 19 4 32 6 5 23 8 224 231 371 23 179 40 8 26 25 41 111 1 24 0.5814 0.5265 0.6363 0.8822 348
p 2351 23 0 15 48 2 14 4 25 92 51 10 9 1146 8 24 3 19 30 2 7 1.7512 1.6714 1.8310 0.9647 349
i 2353 2 30 0 1 22 0 0 565 0 532 90 0 1 6 0 5 3 239 73 2 1.3198 1.2667 1.3729 0.9893 350
l 2354 9 1 0 1 459 1 6 146 0 128 174 0 0 4 4 3 7 52 23 569 1.5647 1.5140 1.6155 0.9994 351
i 2356 1 2 2 0 1 0 11 1043 0 52 1 0 17 0 0 0 0 457 0 1 2.0003 1.9532 2.0474 1.0000 352
t 2357 61 5 0 0 1 3 28 23 3 22 13 2 0 9 0 140 921 357 0 0 1.5023 1.4434 1.5612 1.0000 353
e 2358 0 0 0 1588 0 0 0 0 0 0 0 0 0 0 0 0 0 0 0 0 2.7583 2.7391 2.7775 1.0000 354
n 2365 4 8 1 0 14 4 13 2 0 2 0 1478 0 0 1 27 32 0 0 1 2.7207 2.6620 2.7795 0.9994 355
g 2393 6 2 0 0 0 1558 3 0 0 0 0 11 0 0 0 3 1 0 0 0 2.5120 2.4731 2.5509 0.9975 356
a 2430 199 80 1 1 56 3 1 552 1 46 113 2 0 1 7 31 46 322 10 50 1.0320 0.9759 1.0881 0.9584 357
a 2431 385 25 85 2 6 62 1 4 1 2 5 16 41 1 1 176 10 13 0 2 0.9767 0.8942 1.0591 0.5277 358
m 2435 20 16 10 11 105 10 1 3 4 4 20 14 2 3 5 27 14 4 8 92 0.9238 0.8065 1.0411 0.2349 359
r 2437 43 2 84 30 2 4 19 2 16 5 1 31 56 8 9 8 7 7 0 7 0.5771 0.4754 0.6788 0.2147 360
d 2445 13 11 397 106 1 5 2 6 1 9 8 6 6 31 1 16 31 12 3 0 1.3868 1.2768 1.4968 0.4188 361
e 2446 25 0 27 66 7 15 10 7 55 12 4 7 53 21 15 19 28 73 12 9 0.2869 0.2133 0.3605 0.2928 362
l 2471 18 3 5 7 4 5 7 51 8 121 10 3 75 8 16 15 10 104 4 3 0.5457 0.4460 0.6454 0.3004 363
v 2474 55 1 24 74 1 16 4 1 6 17 1 10 56 8 7 11 7 25 0 0 0.4871 0.3888 0.5855 0.2040 364
n 2484 24 0 170 28 2 32 6 1 9 2 0 31 34 10 6 17 21 1 0 4 0.8423 0.7287 0.9558 0.2506 365
g 2492 22 2 17 20 11 286 3 4 14 17 4 6 8 7 10 8 9 14 0 8 0.9932 0.8514 1.1349 0.2960 366
q 2497 36 3 44 121 31 52 14 11 69 10 3 23 19 39 73 49 35 22 17 1 0.2606 0.2022 0.3190 0.4232 367
i 2505 2 4 1 1 7 0 0 67 5 175 4 0 0 8 17 1 11 297 0 5 1.2538 1.1595 1.3480 0.3810 368
e 2513 61 5 217 178 10 7 404 41 86 35 14 217 14 119 47 29 11 24 4 24 0.8384 0.7855 0.8913 0.9742 369
d 2514 6 0 1468 15 0 4 5 3 14 1 1 32 2 4 13 6 8 2 0 0 2.4975 2.4342 2.5608 0.9975 370
t 2516 62 0 467 95 13 41 31 21 26 40 6 40 175 88 18 79 178 49 6 22 0.5707 0.5156 0.6257 0.9175 371
g 2517 53 2 255 137 52 48 27 18 63 31 19 40 49 57 54 10 42 10 6 590 0.9029 0.8414 0.9644 0.9843 372
r 2558 9 1 0 0 0 0 2 1 4 0 1 1 0 22 1539 2 1 0 0 0 2.6822 2.6373 2.7270 0.9969 373
h 2559 38 19 0 13 0 10 2 997 13 65 19 2 45 19 15 30 54 235 7 0 1.4618 1.3899 1.5338 0.9969 374
g 2560 205 7 503 251 5 23 29 2 76 21 16 87 3 88 92 80 32 15 20 28 0.6505 0.5963 0.7047 0.9969 375
y 2561 3 3 1 0 349 0 18 4 0 14 3 2 1 2 0 5 0 6 26 1147 2.5444 2.4871 2.6017 0.9975 376
i 2563 1 3 0 0 130 1 91 222 0 796 83 0 0 1 0 1 13 50 1 191 1.2552 1.1983 1.3122 0.9975 377
e 2564 98 5 93 96 3 16 82 19 267 14 8 76 6 166 447 74 40 33 8 33 0.6093 0.5586 0.6599 0.9975 378
e 2565 191 2 277 231 1 127 15 5 136 28 5 61 1 143 126 171 52 11 0 2 0.4687 0.4332 0.5043 0.9981 379
h 2566 39 6 0 6 19 2 1124 3 1 5 3 11 0 10 0 17 20 3 0 317 2.6561 2.5911 2.7212 0.9987 380
l 2570 8 2 0 0 69 1 0 514 0 809 34 2 0 1 0 1 16 111 16 2 1.4214 1.3662 1.4765 0.9987 381
k 2609 174 6 83 262 15 73 26 45 192 71 7 86 1 121 138 81 89 35 5 75 0.2560 0.2198 0.2923 0.9981 382
a 2610 580 7 1 210 22 36 10 7 11 8 12 64 0 307 8 97 11 29 91 74 0.8885 0.8283 0.9488 0.9981 383
c 2611 127 55 0 0 5 2 0 149 0 418 371 0 0 0 0 4 37 415 0 1 1.2043 1.1588 1.2497 0.9975 384
h 2628 158 5 23 86 12 60 221 24 252 300 22 41 0 122 121 68 6 16 9 36 0.4882 0.4411 0.5353 0.9962 385
r 2629 105 0 185 269 1 9 14 12 369 93 6 45 3 108 275 51 29 2 1 3 0.6635 0.6200 0.7069 0.9950 386
f 2630 1377 27 0 0 8 37 0 5 1 29 6 0 0 0 0 67 8 15 0 0 1.9134 1.8475 1.9793 0.9950 387
i 2631 23 6 0 1 4 0 3 851 34 125 111 4 0 6 73 10 21 282 0 9 1.3858 1.3230 1.4485 0.9843 388
e 2637 209 2 163 313 7 23 30 23 128 27 3 78 0 94 157 48 46 42 5 20 0.4440 0.3980 0.4900 0.8929 389
e 2640 136 3 799 319 2 13 14 5 40 18 5 70 5 70 33 22 5 2 0 8 1.2323 1.1679 1.2967 0.9880 390
g 2642 5 1 12 11 3 1460 10 0 31 1 0 20 1 7 4 8 0 1 0 1 2.2214 2.1584 2.2844 0.9924 391
g 2648 279 103 0 0 5 8 5 147 0 41 12 1 1 1 1 113 5 838 1 17 1.2804 1.2204 1.3404 0.9937 392
q 2649 14 1 583 168 0 2 18 2 63 0 0 391 246 27 30 14 7 11 0 0 1.2396 1.1896 1.2896 0.9931 393
l 2650 7 129 0 1 5 0 1 176 0 435 23 0 1 0 0 1 10 788 0 0 1.4714 1.4204 1.5223 0.9931 394
k 2666 36 2 15 36 88 13 15 234 276 136 172 11 0 57 387 16 34 36 10 3 0.7036 0.6539 0.7533 0.9931 395
g 2667 46 0 1 2 0 1474 0 1 1 2 1 0 0 2 12 29 2 4 0 0 2.2756 2.2212 2.3301 0.9931 396
y 2668 9 4 0 0 62 0 7 2 0 4 1 1 0 0 0 2 2 10 2 1470 3.0562 3.0003 3.1121 0.9924 397
f 2669 8 71 0 1 569 0 87 26 0 152 67 29 0 4 0 17 421 11 1 112 1.2910 1.2361 1.3458 0.9924 398
v 2671 377 30 0 4 2 27 95 44 0 126 83 4 186 10 2 81 125 264 35 82 0.5738 0.5263 0.6213 0.9931 399
w 2672 0 0 0 0 1 0 1 0 0 1 1 0 0 0 0 0 0 3 1558 13 4.2224 4.1864 4.2583 0.9937 400
s 2673 79 11 0 1 0 367 1 0 0 0 0 2 6 1 0 937 171 2 0 0 1.5500 1.5022 1.5978 0.9937 401
f 2674 75 200 0 0 271 12 1 66 0 707 15 0 159 0 1 11 22 20 5 12 1.1550 1.0943 1.2158 0.9931 402
l 2681 13 6 0 2 47 0 4 543 0 412 335 1 1 14 0 9 125 60 1 4 1.3059 1.2536 1.3582 0.9931 403
d 2682 2 0 1565 0 0 5 1 0 1 0 1 0 0 0 1 2 0 0 0 0 2.8557 2.8225 2.8888 0.9937 404
n 2683 7 80 21 1 7 4 0 116 0 380 21 838 1 23 1 17 3 57 0 0 1.5073 1.4449 1.5697 0.9931 405
f 2684 4 1 1 0 688 0 1 87 0 96 8 3 13 0 0 0 4 374 133 165 1.5547 1.5019 1.6076 0.9937 406
e 2815 22 0 15 873 0 1 0 1 0 0 0 3 0 1 3 654 4 0 0 1 1.8694 1.8289 1.9100 0.9937 407
w 2817 266 10 0 3 55 6 1 2 0 37 14 19 16 1 0 49 48 22 1021 9 2.4532 2.3743 2.5321 0.9943 408
a 2818 400 4 45 14 13 239 52 36 30 129 36 39 4 34 37 320 110 29 1 4 0.4592 0.4071 0.5112 0.9924 409
w 2819 83 6 84 194 70 49 30 5 33 48 21 223 4 56 38 141 357 5 27 77 0.4684 0.4215 0.5152 0.9767 410
g 2820 133 10 18 11 0 1248 1 2 2 5 2 17 0 5 9 85 6 0 1 0 1.8038 1.7361 1.8716 0.9792 411
y 2828 3 5 1 10 162 1 4 36 2 53 368 2 0 2 5 1 5 16 9 894 2.0991 2.0382 2.1600 0.9943 412
s 2829 112 4 71 125 0 81 30 7 301 21 2 61 1 44 127 342 235 11 0 4 0.5435 0.5013 0.5857 0.9943 413
k 2839 32 5 22 82 8 3 8 23 790 20 51 116 96 86 40 75 33 83 1 2 0.9586 0.8910 1.0263 0.9924 414
r 2841 0 3 2 1 1 4 15 2 80 1 1 3 8 17 1386 14 17 0 0 2 2.3166 2.2513 2.3820 0.9805 415
f 2872 1 3 0 0 815 0 1 4 0 13 11 0 2 0 1 3 0 3 9 713 2.4429 2.3988 2.4870 0.9943 416
g 2873 0 0 0 0 0 1571 0 0 0 1 0 1 1 0 1 1 0 0 1 0 2.5821 2.5543 2.6099 0.9931 417
i 2875 14 0 0 0 444 0 2 242 0 708 62 1 1 0 0 4 2 74 2 21 1.3823 1.3311 1.4335 0.9931 418
v 2876 9 12 0 0 80 1 35 570 0 22 4 28 0 14 0 2 51 534 9 206 1.3310 1.2751 1.3869 0.9931 419
h 2877 53 2 23 83 72 22 246 0 7 4 2 6 0 19 91 52 25 3 18 847 1.6425 1.5741 1.7110 0.9918 420
i 2878 3 9 3 0 4 0 0 114 1 75 4 10 0 1 1 0 30 1310 7 3 2.0067 1.9415 2.0720 0.9918 421
n 2888 4 0 1322 26 0 3 1 0 5 0 0 197 0 2 3 4 3 4 0 0 2.3554 2.3005 2.4103 0.9912 422
y 2943 26 1 1 8 330 2 18 29 129 138 30 1 24 44 292 6 9 33 3 435 1.0499 0.9972 1.1027 0.9817 423
e 2944 92 1 458 223 4 27 49 2 113 14 0 140 24 49 23 57 97 8 0 14 0.7235 0.6695 0.7776 0.8785 424
t 2950 37 2 197 153 31 39 38 5 58 26 9 60 111 132 10 62 333 7 1 24 0.5353 0.4849 0.5857 0.8407 425
q 2953 12 9 4 48 45 23 18 10 124 322 21 148 6 332 124 61 52 10 1 5 0.6541 0.5984 0.7098 0.8659 426
e 2969 126 4 48 218 0 7 7 13 478 3 5 74 36 100 151 45 136 49 0 1 0.6716 0.6226 0.7205 0.9452 427
r 3023 0 1 0 2 1 0 1 2 18 12 0 0 3 4 1498 0 2 1 0 3 2.6444 2.5950 2.6938 0.9748 428
t 3030 11 5 0 15 34 1 42 276 75 40 16 5 0 30 70 116 449 63 3 323 0.8949 0.8429 0.9469 0.9912 429
p 3037 50 4 3 14 10 2 2 106 296 112 26 2 648 14 164 5 2 71 21 23 1.0000 0.9415 1.0586 0.9918 430
k 3038 1 0 1 5 0 2 1 0 1385 1 1 3 0 2 126 7 34 0 0 6 2.3406 2.2837 2.3975 0.9918 431
q 3056 153 1 417 71 4 7 13 5 431 105 22 35 93 57 76 56 14 10 0 5 0.7118 0.6594 0.7642 0.9918 432
s 3058 34 0 0 3 2 19 1 0 10 3 0 2 2 1 2 1486 4 6 0 0 2.3359 2.2798 2.3921 0.9918 433
a 3064 563 3 4 4 518 181 1 1 1 27 7 0 12 6 1 39 16 50 3 137 1.2065 1.1501 1.2629 0.9912 434
l 3074 89 3 90 80 77 35 128 18 118 142 8 43 3 38 145 40 28 12 12 435 0.6309 0.5799 0.6819 0.9723 435
w 3081 66 0 4 13 81 3 11 17 5 34 7 3 0 1 13 1 17 69 1117 56 2.7863 2.7035 2.8691 0.9559 436
f 3087 5 1 0 2 317 0 2 30 0 131 29 0 1 1 3 6 13 12 7 1008 2.1401 2.0783 2.2019 0.9874 437
k 3088 181 0 16 17 0 69 8 2 616 4 3 8 0 230 258 115 29 4 0 2 1.0440 0.9934 1.0946 0.9836 438
q 3112 44 0 181 243 1 41 30 2 356 11 3 146 5 138 108 59 28 1 1 5 0.7189 0.6728 0.7649 0.8835 439
m 3113 21 6 1 1 208 1 3 83 2 162 29 0 1 0 6 0 26 157 9 8 1.0221 0.9460 1.0982 0.4559 440
m 3117 64 11 2 4 63 6 1 298 3 366 25 2 1 1 2 4 14 543 11 9 1.0938 1.0355 1.1522 0.9005 441
a 3134 354 1 32 224 0 23 7 3 163 13 4 27 3 56 175 73 29 15 1 2 0.6691 0.6127 0.7255 0.7588 442
k 3144 90 6 42 82 5 50 20 9 44 7 2 127 19 46 84 358 295 6 0 4 0.6194 0.5635 0.6753 0.8161 443
n 3145 36 2 28 27 12 96 82 5 69 16 3 649 4 39 152 30 16 14 3 23 1.1265 1.0516 1.2014 0.8224 444
g 3152 85 16 5 51 4 688 9 33 55 22 4 48 13 32 92 31 35 28 7 6 0.8776 0.7959 0.9593 0.7960 445
f 3153 75 5 6 28 119 52 4 97 21 150 6 9 6 6 28 17 11 72 0 6 0.4277 0.3591 0.4962 0.4521 446
